20
100 100
34 81 29
1 20 28
45 87 75
11 61 1
31 88 40
55 81 94
30 94 49
17 77 91
3 16 68
8 37 37
22 49 33
14 41 35
7 55 74
15 65 16
41 71 20
85 92 30
22 63 25
67 70 67
15 76 4
92 99 25
36 58 97
22 59 89
49 82 87
77 86 40
22 68 51
54 90 26
8 13 58
17 73 70
55 86 33
32 60 97
10 12 82
26 74 83
9 19 48
91 95 20
23 89 82
13 99 38
21 83 58
59 68 3
6 38 14
45 66 17
37 51 44
28 71 49
64 83 97
54 77 8
11 13 71
20 88 46
62 93 92
9 33 84
51 89 18
5 76 1
79 82 90
33 44 72
59 88 99
8 77 62
83 96 77
2 96 55
23 70 97
22 43 99
8 32 86
29 100 95
13 24 54
15 25 11
51 54 76
43 61 64
13 32 57
9 78 70
30 36 87
30 97 41
25 91 34
30 60 13
39 80 4
40 81 44
68 85 34
49 83 19
15 24 22
31 41 72
52 84 5
67 69 45
38 77 26
5 72 90
14 72 58
36 88 92
54 67 68
65 74 89
62 63 25
12 72 32
36 44 83
21 30 57
32 35 87
60 77 52
80 92 50
59 94 93
53 92 72
8 93 46
32 87 63
46 66 38
47 79 19
80 88 10
53 57 12
67 74 23
53 75
17 37 36
31 50 50
6 47 44
17 51 50
11 37 9
45 52 46
10 30 92
9 38 98
3 33 35
16 26 93
27 35 25
6 48 93
6 46 77
27 46 89
42 51 68
4 16 33
14 52 89
3 37 61
5 50 16
48 49 93
21 52 74
19 26 35
48 49 68
14 18 68
33 50 40
28 45 76
20 29 63
26 28 38
14 53 54
29 49 98
29 41 32
6 53 92
27 52 59
19 36 6
22 42 11
48 51 35
7 29 53
6 51 5
7 51 17
7 10 52
17 27 93
8 43 29
10 30 57
33 51 74
5 8 9
1 7 74
3 15 75
30 32 75
14 37 65
15 30 68
26 46 75
15 28 95
15 35 19
13 48 48
13 46 75
2 47 85
9 13 87
7 19 65
5 41 8
42 43 42
27 35 90
23 37 28
17 24 88
9 11 56
42 51 45
12 30 8
9 33 40
27 33 49
13 53 8
39 43 26
1 47 13
23 50 50
17 49 19
8 18 72
6 37 96
18 42
16 18 98
1 6 58
9 10 15
11 13 84
6 10 84
4 12 36
3 10 86
4 16 92
14 15 56
1 11 88
3 8 85
13 15 15
7 9 65
5 11 70
6 13 59
3 11 34
1 3 91
9 14 8
6 14 38
5 18 87
9 10 60
7 9 1
1 5 28
12 15 52
1 13 92
12 15 49
7 12 36
10 11 83
15 16 12
6 13 99
8 9 91
5 12 72
3 16 78
3 6 69
3 12 83
5 6 83
4 11 66
15 17 53
15 17 92
5 10 9
14 18 2
7 14 51
61 1
34 44 60
47 34
24 25 51
44 46 67
28 29 28
12 46 59
17 43 35
36 46 35
20 36 54
31 41 68
15 47 43
27 36 37
8 17 78
12 27 77
26 30 99
9 14 30
1 35 64
11 17 90
11 43 20
9 46 34
25 38 7
37 40 68
10 21 87
22 30 5
11 25 83
4 33 92
27 31 95
36 43 72
2 17 92
1 10 76
14 33 1
12 30 8
15 44 71
4 27 44
39 47 12
11 23 59
74 67
7 71 79
6 53 51
51 59 96
18 27 70
11 21 72
26 52 73
37 45 1
46 48 48
2 21 20
19 42 2
25 46 50
42 55 19
46 56 25
11 13 11
23 55 72
40 42 31
34 52 86
40 56 60
7 59 21
11 59 10
17 18 60
32 47 17
14 73 33
2 54 86
42 49 60
25 32 34
22 52 36
14 39 96
35 52 20
14 67 22
61 74 69
33 50 10
7 38 54
41 73 7
19 69 82
21 35 76
34 57 4
10 34 79
42 52 82
38 44 44
30 57 83
26 43 63
33 44 2
32 54 3
4 15 66
1 34 79
9 16 83
19 28 9
13 74 60
26 45 55
6 63 59
17 35 23
2 45 88
40 59 28
61 73 10
13 67 88
3 39 48
50 51 20
42 62 78
55 72 69
45 74 10
33 57 51
32 63 71
33 70 60
3 53 16
20 58 50
18 71 46
100 100
57 85 28
60 73 25
93 96 53
25 47 54
65 88 6
3 10 4
37 43 31
6 19 86
90 97 12
58 70 17
83 84 15
63 99 66
20 45 93
8 39 90
21 42 3
13 36 24
7 16 61
86 94 89
76 87 49
56 74 43
4 6 61
79 99 17
65 76 18
76 92 83
62 73 85
57 77 17
34 37 19
11 23 29
56 64 100
60 69 38
61 72 76
58 61 32
61 72 95
16 35 96
39 45 59
81 95 75
10 12 35
62 67 49
57 68 62
31 39 34
15 38 81
5 49 78
58 75 77
26 46 40
66 68 6
8 47 42
58 84 49
6 14 16
1 39 91
83 99 34
60 66 95
59 80 57
57 77 22
6 20 41
77 80 13
80 97 91
19 28 83
75 87 21
55 72 28
58 67 23
19 37 94
10 47 63
18 41 62
56 83 58
16 36 63
62 73 91
33 41 29
57 94 100
5 39 95
62 96 96
85 97 54
13 24 5
58 76 46
39 41 49
10 33 77
33 43 95
63 72 87
63 68 30
3 18 36
13 22 93
34 39 23
97 99 54
85 88 67
13 15 93
8 29 46
7 18 78
57 76 61
78 84 1
94 96 20
20 21 77
4 18 48
42 49 6
5 19 8
13 24 55
1 10 46
2 37 84
36 41 28
77 99 90
15 40 14
34 44 37
12 17
2 8 70
6 10 45
4 6 50
6 7 48
10 11 91
4 9 15
5 12 20
6 8 47
1 11 90
3 11 1
3 12 84
5 8 37
6 11 81
8 11 8
7 10 75
5 11 59
4 10 51
73 91
38 60 14
14 17 28
19 37 50
43 62 5
9 66 58
10 50 6
12 66 2
8 25 79
33 35 9
48 68 21
20 33 76
26 62 100
32 47 38
61 71 33
46 73 54
4 20 30
53 60 90
54 63 36
22 71 38
3 43 93
34 67 23
9 35 99
7 72 76
14 52 99
16 60 100
21 69 14
55 69 6
26 36 70
27 70 61
7 32 52
35 72 4
31 58 22
5 61 62
5 22 33
16 48 56
45 48 18
20 29 57
6 40 13
13 48 22
2 29 29
11 67 24
21 63 23
16 63 81
38 46 12
62 67 50
47 55 49
68 69 35
48 69 40
31 57 42
16 51 35
17 33 3
32 58 67
8 30 46
35 67 40
11 73 85
20 41 67
4 26 54
39 59 14
18 41 35
28 65 85
41 57 94
5 50 62
8 40 31
7 21 39
22 27 42
51 65 42
44 45 98
26 29 60
17 58 31
19 25 28
23 65 29
36 52 65
8 10 50
29 59 49
30 56 54
14 46 89
38 60 49
7 59 57
1 51 96
13 19 66
43 46 49
59 73 78
38 51 19
18 38 37
14 38 25
3 9 6
28 51 24
11 61 98
22 65 81
5 7 34
2 45 18
10 2
1 7 2
6 9 1
17 83
1 16 21
15 17 57
1 5 80
10 11 40
2 10 15
12 13 78
1 7 1
5 11 62
2 7 22
11 13 95
13 16 79
5 9 57
4 7 23
12 13 93
9 16 69
4 14 34
1 15 53
3 9 14
1 11 27
4 5 16
2 12 100
2 8 57
5 6 55
8 11 38
11 12 31
1 14 36
8 11 85
1 5 34
6 17 40
11 12 5
5 9 6
2 8 66
10 17 33
13 17 32
2 15 46
2 4 91
3 13 52
7 15 93
5 7 34
9 15 42
1 13 34
12 14 66
2 15 52
5 8 30
2 13 31
1 15 11
4 6 1
1 3 58
2 5 71
5 14 92
8 10 75
12 16 79
5 15 58
12 15 64
7 11 33
3 7 72
7 10 73
1 5 27
3 12 72
1 15 72
6 13 45
10 15 89
3 9 96
3 13 39
8 12 16
12 15 8
9 16 19
5 12 52
1 6 55
10 13 11
3 12 46
9 15 30
6 14 14
9 10 7
5 13 33
10 11 89
3 9 11
1 10 82
6 8 92
1 11 60
5 6 85
6 8 58
1 17 23
69 100
38 65 57
2 16 45
29 37 92
5 64 85
7 41 91
8 49 22
13 34 27
15 38 64
9 45 99
64 69 75
9 19 65
40 57 83
13 58 57
26 56 98
4 32 97
17 53 29
10 46 89
11 40 63
37 45 63
21 55 3
14 53 21
5 34 15
38 65 30
37 63 74
30 55 91
12 41 91
15 43 97
56 69 77
7 57 72
56 67 9
62 67 25
31 44 51
23 34 8
15 44 45
5 38 79
5 30 39
10 62 31
9 66 95
25 69 75
27 58 54
49 66 94
15 35 33
37 64 64
37 54 73
41 61 11
11 15 20
4 28 32
43 69 43
2 61 37
13 20 19
24 66 89
14 23 87
21 25 69
7 37 85
46 67 78
9 17 37
9 36 24
55 67 42
34 43 2
10 44 80
14 20 81
1 62 97
10 42 62
51 57 88
54 64 95
62 68 9
25 46 98
13 19 81
29 59 68
27 41 49
33 52 99
42 63 48
26 67 26
8 48 26
35 45 1
51 54 64
8 34 64
41 48 92
35 51 56
35 40 92
6 26 100
39 40 84
19 53 59
32 67 84
25 38 20
30 64 64
28 53 7
5 24 50
34 42 36
36 68 65
38 57 34
50 64 95
24 48 54
44 51 5
14 26 91
43 67 7
2 13 51
40 44 48
2 44 79
52 64 21
100 100
19 77 13
38 68 58
19 95 83
23 59 62
7 73 11
28 64 62
28 92 7
48 78 11
16 96 64
45 88 1
13 79 82
2 52 42
31 64 69
42 86 59
14 92 70
6 98 99
12 91 42
48 89 4
20 84 45
40 100 41
27 82 34
40 57 8
44 64 43
45 59 71
17 56 57
13 77 16
46 63 20
23 72 97
42 73 18
21 67 70
2 52 12
6 89 35
41 77 63
42 51 13
47 74 79
17 87 49
21 72 89
32 74 70
4 51 19
29 65 93
18 58 76
48 69 48
18 80 73
46 69 29
20 79 10
23 60 64
17 67 73
45 73 18
49 69 35
27 54 82
27 75 31
44 98 97
14 94 5
35 75 53
15 69 72
45 77 26
19 88 31
23 99 85
19 95 96
35 91 13
8 67 100
42 61 88
13 74 63
7 94 60
29 94 75
4 96 1
1 79 76
25 93 78
23 65 25
28 89 47
9 51 94
35 76 18
27 85 36
12 65 77
7 89 79
8 74 52
50 55 18
10 72 41
7 60 53
24 80 9
37 79 61
12 64 10
43 82 11
7 69 87
44 74 1
41 68 12
21 64 96
50 60 68
39 96 93
32 59 48
50 98 57
3 56 70
26 59 9
9 71 20
33 57 96
25 64 34
20 73 38
35 68 8
27 73 70
36 81 23
36 25
7 31 18
6 18 20
21 24 60
19 29 57
1 12 34
8 16 20
5 16 17
11 13 1
9 32 45
10 24 14
5 33 12
4 9 28
7 29 84
35 36 97
20 24 51
17 30 71
16 31 19
4 5 3
8 13 49
4 14 62
25 30 28
12 25 23
19 22 22
2 34 76
4 16 20
47 58
7 24 18
25 27 57
1 23 62
38 41 9
15 36 15
1 2 84
14 19 30
15 32 85
6 34 89
24 28 10
13 19 94
9 45 28
1 46 21
3 8 34
24 29 36
5 17 62
34 36 13
40 41 32
8 38 80
11 31 90
17 34 79
33 36 79
8 20 54
9 19 61
25 29 25
41 44 53
8 34 46
26 46 10
16 20 69
7 17 21
25 33 74
13 26 65
35 39 84
3 46 43
18 43 66
10 47 81
38 39 62
32 39 34
29 47 11
20 32 98
3 45 98
28 36 14
4 18 81
26 44 93
20 38 38
7 26 30
3 15 90
14 19 86
13 16 26
2 35 42
39 46 75
2 28 11
36 45 98
25 26 73
5 44 83
15 22 31
6 21 36
12 31 22
6 2
1 3 2
4 6 1
6 2
1 3 1
3 6 1
25 50
2 20 6
17 23 37
16 19 11
5 12 5
10 25 60
18 20 50
7 13 73
14 15 3
9 25 6
21 22 19
2 23 45
10 13 48
4 18 41
11 12 46
5 6 92
6 9 45
10 11 35
11 24 20
11 17 100
3 13 73
14 22 77
9 16 18
19 20 47
1 4 80
16 19 64
13 19 65
12 19 44
13 19 13
9 13 68
11 15 80
3 14 76
9 19 90
18 22 36
14 15 5
3 16 69
16 23 29
7 16 26
15 25 63
2 4 43
5 8 98
13 14 7
9 16 15
11 12 13
6 14 87
4 21 7
22 24 87
6 19 26
13 18 8
9 18 90
21 25 1
65 9
56 60 97
15 33 68
4 34 36
5 58 17
2 12 77
33 58 69
32 41 58
20 37 82
11 58 87
2 100
1 2 94
1 2 80
1 2 82
1 2 99
1 2 48
1 2 40
1 2 14
1 2 88
1 2 47
1 2 43
1 2 43
1 2 27
1 2 62
1 2 54
1 2 87
1 2 17
1 2 79
1 2 87
1 2 44
1 2 19
1 2 86
1 2 82
1 2 70
1 2 8
1 2 5
1 2 64
1 2 18
1 2 3
1 2 50
1 2 33
1 2 20
1 2 67
1 2 66
1 2 38
1 2 63
1 2 38
1 2 14
1 2 77
1 2 14
1 2 7
1 2 11
1 2 6
1 2 46
1 2 87
1 2 85
1 2 32
1 2 2
1 2 56
1 2 5
1 2 2
1 2 86
1 2 65
1 2 39
1 2 15
1 2 48
1 2 84
1 2 8
1 2 92
1 2 50
1 2 66
1 2 3
1 2 39
1 2 46
1 2 100
1 2 2
1 2 8
1 2 48
1 2 49
1 2 5
1 2 61
1 2 21
1 2 21
1 2 2
1 2 26
1 2 29
1 2 26
1 2 75
1 2 67
1 2 46
1 2 91
1 2 38
1 2 88
1 2 22
1 2 21
1 2 97
1 2 89
1 2 17
1 2 2
1 2 64
1 2 3
1 2 8
1 2 76
1 2 29
1 2 46
1 2 24
1 2 51
1 2 21
1 2 48
1 2 52
1 2 2
