18
82 67
16 65 47
38 41 83
2 80 37
7 69 5
34 64 7
3 45 59
2 50 18
47 67 90
54 66 49
3 30 70
29 68 26
28 49 79
10 68 56
41 82 75
39 79 97
27 79 58
2 16 14
9 56 74
13 30 94
15 58 48
70 81 90
34 60 73
16 59 61
16 56 38
22 35 82
19 66 13
6 61 69
9 52 86
31 40 90
21 71 93
18 50 95
8 56 32
8 59 67
17 79 4
31 75 81
34 62 16
31 42 22
41 45 85
45 56 55
57 80 70
43 62 38
20 51 11
1 13 92
34 68 88
12 56 27
43 74 8
23 31 78
45 69 95
20 40 67
11 28 17
32 65 22
8 39 5
1 41 43
35 67 67
40 69 56
25 70 22
3 71 98
9 75 4
14 76 80
3 57 59
8 24 95
19 64 40
1 61 87
41 79 4
7 60 44
4 44 3
11 52 47
78 100
10 70 91
27 48 21
8 31 2
17 33 93
6 61 83
34 74 64
16 56 22
9 69 16
17 58 69
50 75 2
55 56 94
5 76 7
46 62 66
25 74 81
13 65 96
5 47 78
33 71 49
62 66 56
4 34 46
69 76 53
2 71 55
45 51 47
2 4 36
52 56 77
61 63 95
34 67 97
27 60 79
50 75 82
11 40 23
51 70 89
4 31 67
54 76 43
18 48 80
32 59 88
4 62 13
61 62 97
40 54 13
32 63 74
9 65 74
24 28 44
10 17 11
28 70 91
41 45 68
16 34 4
4 19 82
30 55 12
4 73 90
44 67 86
5 36 67
29 38 30
42 52 5
14 33 3
6 57 27
21 27 55
13 23 7
14 58 54
16 38 31
34 73 42
22 68 52
19 73 60
13 65 74
26 35 9
7 15 76
25 30 47
70 77 96
69 72 78
27 47 56
40 55 2
48 68 22
7 11 60
68 73 59
49 54 15
3 65 67
57 74 10
10 31 32
25 78 48
21 74 42
23 67 1
2 38 84
35 50 4
30 34 33
23 43 50
11 43 11
11 34 44
7 78 98
35 77 4
19 38 50
3 29 85
13 41 26
29 67 63
25 77 70
6 57 75
36 37 76
42 62 14
44 74 48
62 76 26
37 57 4
15 34 62
15 75 22
46 70 94
100 100
64 91 86
22 39 6
19 37 50
73 92 91
71 96 27
19 20 49
11 44 29
10 11 66
63 91 66
53 77 52
60 97 1
69 83 31
17 40 76
72 82 80
83 85 74
54 69 10
71 72 38
44 47 17
54 91 81
86 96 96
25 33 46
84 91 10
16 30 70
10 29 54
3 25 92
66 81 88
13 43 26
66 81 57
5 17 24
7 36 3
12 20 45
10 38 42
64 100 24
16 22 39
1 48 65
18 33 51
12 33 12
65 76 72
77 82 23
65 76 45
32 45 44
4 7 87
19 23 33
41 50 47
82 96 33
12 43 66
28 43 5
23 31 41
47 49 56
57 98 62
58 77 10
60 94 28
58 95 84
58 78 69
60 64 65
54 60 28
76 77 6
10 17 51
24 42 98
78 85 60
1 42 58
89 95 33
59 65 61
27 43 19
13 18 31
60 64 5
60 67 10
51 75 39
21 40 55
30 38 36
31 50 16
77 95 24
54 98 96
35 47 51
59 88 90
82 83 88
56 98 53
7 8 89
58 82 86
37 48 77
83 99 96
1 11 58
15 43 1
10 26 88
57 83 48
20 35 71
14 30 74
58 90 49
2 30 55
7 23 67
80 85 38
22 46 81
53 62 42
83 89 79
15 40 86
62 95 22
79 95 31
11 16 35
67 93 6
9 11 53
18 91
8 13 77
4 18 64
2 15 27
8 14 81
6 9 83
9 14 58
1 4 83
12 17 26
8 18 97
4 15 99
11 15 19
12 18 10
7 9 99
11 18 53
5 11 39
2 6 25
4 5 70
3 16 30
10 12 37
8 13 50
12 13 44
10 11 75
3 17 29
12 15 19
5 10 46
3 6 47
15 17 89
7 10 18
1 11 40
11 15 23
11 16 52
13 17 38
6 16 31
4 5 90
15 16 63
6 14 100
13 18 47
4 10 79
15 16 3
7 10 70
13 17 91
16 17 16
11 18 47
1 12 48
11 18 58
8 9 23
7 12 96
3 8 9
8 14 26
6 18 30
2 16 56
2 7 17
8 9 40
2 9 30
5 6 39
3 15 9
15 18 12
6 15 1
6 14 3
9 16 16
2 15 65
6 17 87
9 12 37
8 16 2
13 16 94
8 9 59
3 8 18
3 9 46
4 8 32
7 10 76
8 11 81
8 12 26
4 9 25
9 15 22
14 17 9
10 12 59
2 6 14
2 6 42
3 14 21
9 12 89
2 8 85
2 8 20
15 16 62
9 16 30
2 9 81
17 18 88
1 16 76
11 18 19
11 17 2
10 15 70
17 18 84
92 34
27 28 56
10 66 75
34 43 85
27 83 34
49 75 72
22 84 67
31 67 82
37 53 55
3 86 92
23 62 98
2 16 91
64 85 57
20 61 39
18 65 46
26 86 28
20 80 48
31 48 30
1 53 82
28 34 23
9 57 42
6 51 63
23 66 45
21 40 26
42 88 62
40 51 65
40 92 83
47 61 96
18 37 99
52 92 95
52 91 25
4 83 21
28 30 62
28 38 51
51 84 65
77 58
58 74 37
4 71 93
24 48 71
27 55 66
1 60 8
20 62 82
10 60 57
23 30 77
14 25 98
71 73 34
17 34 47
22 61 62
25 43 87
43 71 66
15 35 70
59 70 33
39 67 50
47 66 30
34 65 45
58 73 93
24 55 2
7 75 6
7 74 17
8 29 36
5 20 89
12 38 20
29 34 3
1 27 55
52 62 55
44 51 73
10 25 100
37 65 100
5 36 88
5 37 21
46 77 30
14 44 4
21 77 16
21 74 6
50 64 35
29 54 19
25 67 77
18 37 84
28 68 71
26 50 82
16 20 14
23 72 6
20 57 22
25 58 22
6 72 94
57 61 92
37 45 14
15 37 56
29 67 60
7 32 2
40 51 63
5 73 20
31 67 35
10 29 49
100 100
5 74 47
47 80 54
4 60 84
43 94 81
23 100 63
47 93 58
5 93 85
39 66 73
42 84 68
29 83 61
18 53 37
48 51 100
22 87 12
18 54 44
8 88 56
8 83 18
9 94 15
1 52 10
36 82 3
40 61 25
5 85 66
44 63 23
6 94 51
35 82 87
34 63 87
48 82 66
27 89 94
12 93 39
9 93 80
6 70 37
23 53 32
11 93 93
38 87 82
7 58 52
17 83 99
41 66 46
50 57 62
32 95 100
14 75 9
29 77 9
41 58 27
34 57 33
30 54 36
13 85 84
48 99 51
23 99 62
36 71 75
14 74 38
49 94 19
39 81 94
30 79 67
30 69 94
29 57 88
9 81 61
30 61 60
25 77 87
19 64 81
2 93 45
37 65 46
17 99 100
10 57 50
11 78 63
27 59 4
5 52 77
24 54 64
46 72 37
38 83 9
24 79 69
28 85 45
4 91 36
14 97 100
31 83 28
43 82 67
41 75 49
12 61 52
12 56 16
47 78 69
6 72 7
23 65 51
17 52 24
43 55 97
37 82 6
41 56 26
16 97 4
33 64 63
21 98 22
1 52 68
14 77 32
36 51 67
25 80 28
4 79 98
48 53 24
2 87 57
14 94 59
42 71 96
27 65 47
50 68 24
36 84 97
15 70 13
28 65 74
10 2
1 7 2
6 9 1
6 2
1 3 1
3 6 1
2 100
1 2 59
1 2 33
1 2 32
1 2 39
1 2 21
1 2 63
1 2 16
1 2 84
1 2 55
1 2 70
1 2 66
1 2 17
1 2 59
1 2 71
1 2 43
1 2 5
1 2 37
1 2 41
1 2 3
1 2 10
1 2 56
1 2 96
1 2 53
1 2 4
1 2 68
1 2 54
1 2 77
1 2 63
1 2 8
1 2 26
1 2 88
1 2 64
1 2 13
1 2 53
1 2 75
1 2 38
1 2 95
1 2 59
1 2 84
1 2 33
1 2 76
1 2 82
1 2 96
1 2 44
1 2 36
1 2 60
1 2 74
1 2 92
1 2 95
1 2 7
1 2 83
1 2 79
1 2 46
1 2 48
1 2 60
1 2 18
1 2 74
1 2 75
1 2 57
1 2 46
1 2 55
1 2 100
1 2 69
1 2 7
1 2 75
1 2 51
1 2 63
1 2 10
1 2 69
1 2 60
1 2 13
1 2 27
1 2 38
1 2 69
1 2 18
1 2 37
1 2 29
1 2 97
1 2 16
1 2 86
1 2 26
1 2 98
1 2 18
1 2 45
1 2 38
1 2 12
1 2 91
1 2 37
1 2 65
1 2 46
1 2 51
1 2 7
1 2 71
1 2 38
1 2 32
1 2 9
1 2 1
1 2 3
1 2 28
1 2 97
6 2
1 3 2
4 6 1
96 42
40 52 36
12 96 29
35 78 10
14 80 84
12 81 6
20 38 96
5 51 88
7 65 91
27 59 18
72 82 69
51 89 25
30 68 15
4 5 83
11 34 12
60 64 80
25 74 40
26 50 20
18 59 51
19 43 7
60 95 16
45 78 99
28 72 96
3 32 9
17 56 67
9 18 10
11 34 55
21 90 46
18 96 60
76 94 6
37 89 47
1 17 27
11 34 24
67 68 14
71 72 45
83 85 56
91 95 45
63 76 60
10 14 28
9 41 52
13 80 88
2 34 87
89 95 35
92 25
22 44 82
7 22 43
6 53 20
25 57 32
74 76 28
31 38 1
42 61 58
18 66 50
1 51 78
21 37 27
74 86 62
1 88 57
20 92 27
11 55 22
63 70 64
7 9 90
53 91 96
23 27 87
2 41 14
31 37 81
4 62 93
40 67 40
10 71 82
55 58 64
4 11 49
15 83
6 11 81
9 13 4
2 7 82
3 9 74
4 13 46
8 9 31
2 6 95
1 11 49
3 11 29
4 9 85
4 8 46
1 3 56
3 7 65
6 14 53
1 7 71
12 13 67
1 11 21
2 11 23
11 13 100
8 13 57
7 12 42
5 10 49
6 11 7
4 10 27
2 5 15
7 9 65
13 14 18
1 5 6
2 11 38
4 8 55
12 15 20
6 11 33
2 12 54
10 12 73
4 15 84
2 11 93
4 12 35
1 12 52
7 12 16
3 13 80
3 4 2
3 14 40
3 7 4
11 12 1
3 14 73
10 11 39
11 14 44
1 15 3
3 11 18
7 11 8
4 6 43
8 14 94
11 14 10
2 10 37
4 12 56
3 10 63
9 15 17
10 12 78
2 11 51
4 9 92
13 15 58
13 14 93
7 15 90
4 15 54
3 8 80
2 7 98
6 7 82
1 4 40
6 12 63
6 9 44
5 12 59
4 13 16
6 9 4
3 15 98
2 10 63
2 11 17
5 7 51
2 12 2
8 12 89
2 10 61
7 15 94
1 2 38
1 10 27
30 50
17 20 77
9 23 46
5 29 14
4 24 58
1 21 40
14 22 14
10 16 14
1 30 16
2 20 13
6 17 9
8 28 3
5 17 41
11 24 10
23 27 86
16 19 74
1 18 65
2 11 99
4 13 84
9 23 91
25 27 80
5 10 36
4 18 89
13 26 20
2 6 84
6 14 63
14 18 35
11 14 69
4 6 77
11 23 72
19 27 14
28 29 81
3 16 42
17 25 46
2 19 11
6 27 17
5 8 4
2 14 54
1 26 62
12 26 1
1 18 41
11 17 25
11 19 4
1 16 28
1 27 87
7 17 9
5 20 49
2 27 98
8 25 14
13 18 33
9 17 3
87 1
5 78 65
100 100
22 24 22
72 85 32
29 68 72
24 65 15
75 96 88
2 69 31
27 30 15
47 80 74
18 90 22
9 54 40
74 88 34
28 47 51
13 97 16
42 75 68
29 86 48
7 86 43
47 53 32
60 70 77
80 82 1
22 47 70
35 59 41
12 61 4
1 61 14
97 100 38
26 68 65
28 76 89
8 84 82
26 46 37
38 73 81
48 82 51
33 37 59
69 98 5
2 29 13
22 71 20
37 42 3
36 44 43
41 42 46
2 45 10
62 95 25
93 96 89
19 83 55
37 41 24
16 17 43
81 82 57
22 93 5
17 27 56
70 95 70
32 54 15
20 27 16
22 50 88
7 64 66
79 90 4
6 99 28
22 23 90
49 53 47
61 70 77
35 82 70
12 87 62
4 73 59
14 31 15
10 59 37
37 84 56
28 88 27
22 65 12
42 52 59
23 52 48
16 50 93
51 89 93
60 73 71
27 86 24
21 27 31
9 95 55
95 96 81
62 92 46
60 76 69
14 81 76
56 80 5
59 76 69
61 90 45
32 95 95
36 61 96
56 65 22
54 73 86
12 24 15
70 93 55
2 36 25
16 29 86
21 76 15
3 62 57
19 79 74
33 70 91
20 54 23
25 57 46
37 39 98
48 95 44
12 96 88
20 87 55
54 78 56
14 73 88
63 87 94
62 9
42 56 48
49 56 54
50 62 89
16 41 64
41 58 100
34 57 30
18 39 93
39 40 38
29 55 32
