100
43 478444476
12 4084
5 3
43 4398046511105
4 1
41 1099511627775
12 7
20 1048569
36 34359738369
7 10
1 2
7 22
6 42
28 134217727
31 18
26 67108863
27 134086657
36 68719460352
49 64
37 137154598768
7 107
47 140737354137601
50 1125899906842623
6 62
20 4073
9 1
4 14
40 1099511627557
18 1989
48 598
50 562949953421313
50 1125895713661027
47 140736939016424
12 2047
33 4294967297
7 65
41 1321388989947
28 1
23 8379816
43 4398046511103
50 562949953421311
30 1073741824
32 171104
13 8114
32 4294967295
26 33554432
32 4294967295
8 255
35 536870911
50 11554
50 1125657877223830
38 61510673
50 562949953421312
27 993
27 133169153
12 2372
39 274877906944
39 274877906944
30 1073741803
8 14
43 1
43 64
36 68711585686
34 17179869062
40 1099511627751
22 27873
24 16777216
36 255
39 549379944930
9 255
14 111
46 17592186044416
11 127
37 137438953472
6 15
35 34312808202
50 1125899906842624
16 32768
39 549755813888
39 549751619584
42 4398046511103
18 8
50 1125899906841600
37 50869421
11 1985
14 64
50 1125899905794049
1 1
10 513
37 68719476736
16 65490
50 68719476736
50 1125898877156326
42 4367904832611
18 848
23 64117
50 1
50 262143
28 268435448
23 291017
