100
9 1
4 1
9 127
8 2
9 256
7 113
8 127
9 53
8 63
4 8
6 32
10 513
6 64
3 5
6 32
6 63
7 97
7 59
7 127
8 51
7 65
4 12
7 11
6 1
10 992
3 2
3 5
8 255
8 247
8 129
6 25
8 34
10 1
5 13
7 110
3 3
10 31
9 7
8 1
7 124
10 48
4 13
2 3
6 62
10 9
9 255
9 255
10 1002
8 30
5 21
5 21
7 8
4 7
5 32
6 31
6 10
10 103
10 815
4 12
5 17
10 993
3 7
10 32
8 129
6 18
10 12
8 256
5 2
8 247
7 107
7 41
10 511
5 10
2 4
9 37
1 1
7 65
7 7
10 512
4 13
10 324
10 1002
1 2
6 51
7 48
5 19
5 23
6 54
8 128
10 1024
3 4
4 12
10 1023
6 51
3 2
5 29
10 30
8 31
6 45
5 12
