30
1
1
1
8
1 2 1 3 3 1 4 1
4 4 3 4 3 2 2 1
10
1 2 3 1 2 3 4 5 6 6
2 2 2 1 1 1 1 1 2 1
14
1 1 1 1 1 2 3 4 5 6 7 8 9 10
5 4 3 2 1 1 1 1 1 1 1 1 1 1
20
1 2 3 4 5 6 7 8 9 10 11 12 13 1 3 6 11 12 13 14
2 2 2 2 2 2 2 2 2 2 2 2 2 1 1 1 1 1 1 1
20
1 2 3 4 5 6 7 8 9 10 11 12 13 13 14 15 16 17 18 19
1 1 1 1 1 1 1 1 1 1 1 1 2 1 1 1 1 1 1 1
20
1 1 1 2 2 1 3 4 4 5 4 5 4 5 6 7 2 8 6 7
4 3 2 4 2 1 2 5 4 4 3 3 2 2 2 2 1 2 1 1
18
1 2 3 4 5 6 7 8 9 6 5 5 5 5 5 4 2 2
1 3 3 4 9 10 10 10 10 9 8 7 6 5 4 3 2 1
11
1 1 1 1 1 1 1 1 2 2 2
8 7 6 5 4 3 2 1 3 2 1
19
1 1 2 1 2 3 4 4 4 5 6 7 8 6 7 3 7 3 4
5 2 6 1 1 3 5 4 3 3 4 4 4 3 3 2 2 1 1
20
1 1 2 3 4 5 6 7 8 9 10 11 12 13 14 15 16 1 17 18
3 2 2 2 2 2 2 2 2 2 2 2 2 2 2 2 2 1 1 1
20
1 1 1 1 1 1 1 1 2 3 4 5 6 7 8 9 10 11 12 13
8 7 6 5 4 3 2 1 1 1 1 1 1 1 1 1 1 1 1 1
20
1 2 3 4 5 1 1 1 2 3 4 5 6 7 8 9 9 9 9 9
4 4 4 4 4 3 2 1 1 1 1 1 1 1 1 5 4 3 2 1
20
1 2 3 4 5 6 7 8 9 10 11 12 13 14 15 16 17 18 18 19
1 1 1 1 1 1 1 1 1 1 1 1 1 1 1 1 1 2 1 1
20
1 2 3 4 1 1 1 1 1 1 2 3 4 5 6 6 6 6 6 6
7 7 7 7 6 5 4 3 2 1 1 1 1 1 6 5 4 3 2 1
6
1 2 1 2 3 4
2 2 1 1 1 1
20
1 1 1 1 1 1 1 1 1 1 1 1 2 3 4 5 6 7 8 9
12 11 10 9 8 7 6 5 4 3 2 1 1 1 1 1 1 1 1 1
7
1 1 1 2 3 2 4
4 3 1 2 2 1 1
20
1 2 2 3 4 5 6 7 8 9 10 11 12 13 14 15 16 2 17 18
1 3 2 2 2 2 2 2 2 2 2 2 2 2 2 2 2 1 1 1
20
1 1 2 3 4 5 6 1 7 8 9 10 11 12 13 14 15 16 17 18
3 2 2 2 2 2 2 1 1 1 1 1 1 1 1 1 1 1 1 1
20
1 1 1 1 1 1 1 2 3 4 5 6 7 8 9 10 11 12 13 14
7 6 5 4 3 2 1 1 1 1 1 1 1 1 1 1 1 1 1 1
20
1 1 1 1 1 1 1 1 1 1 1 1 1 1 1 1 1 1 1 1
20 19 18 17 16 15 14 13 12 11 10 9 8 7 6 5 4 3 2 1
15
1 1 1 1 1 1 1 2 3 4 5 6 7 8 9
7 6 5 4 3 2 1 1 1 1 1 1 1 1 1
20
1 2 3 4 5 6 7 1 1 1 1 2 3 4 5 6 7 8 8 8
5 5 5 5 5 5 5 4 3 2 1 1 1 1 1 1 1 3 2 1
20
1 1 2 3 4 3 5 1 5 2 6 3 5 6 4 1 7 1 5 6
5 4 4 5 5 4 6 3 5 3 5 3 4 4 3 2 2 1 1 1
8
1 1 2 3 4 5 5 5
4 1 1 1 1 3 2 1
20
1 2 3 4 4 5 6 7 8 9 10 11 12 13 14 15 16 4 17 18
1 1 1 3 2 2 2 2 2 2 2 2 2 2 2 2 2 1 1 1
20
1 2 1 3 4 1 2 3 3 4 2 3 2 4 1 3 4 5 6 2
5 5 4 6 6 2 4 5 4 4 3 3 2 3 1 2 2 2 2 1
13
1 2 3 4 4 5 6 4 7 8 9 10 11
1 1 1 3 2 2 2 1 1 1 1 1 1
17
1 1 1 1 2 3 4 5 6 7 8 9 10 11 12 13 14
4 3 2 1 1 1 1 1 1 1 1 1 1 1 1 1 1
