1000
1 2
1 3
1 4
3 5
3 6
1 7
5 8
1 9
8 10
5 11
10 12
5 13
5 14
3 15
11 16
10 17
17 18
7 19
1 20
10 21
9 22
15 23
18 24
8 25
13 26
24 27
19 28
18 29
22 30
12 31
13 32
32 33
13 34
1 35
25 36
9 37
20 38
2 39
4 40
14 41
3 42
14 43
9 44
13 45
22 46
9 47
38 48
48 49
10 50
47 51
48 52
46 53
2 54
47 55
27 56
49 57
17 58
49 59
15 60
36 61
25 62
19 63
43 64
63 65
43 66
5 67
5 68
41 69
66 70
3 71
24 72
37 73
29 74
43 75
8 76
32 77
15 78
49 79
76 80
2 81
31 82
10 83
53 84
19 85
84 86
62 87
12 88
81 89
67 90
40 91
70 92
3 93
83 94
52 95
26 96
15 97
9 98
81 99
20 100
58 101
45 102
21 103
47 104
23 105
100 106
87 107
97 108
23 109
61 110
97 111
62 112
25 113
7 114
4 115
41 116
75 117
7 118
88 119
36 120
95 121
98 122
63 123
13 124
84 125
8 126
91 127
78 128
23 129
30 130
97 131
15 132
17 133
82 134
62 135
48 136
68 137
36 138
63 139
4 140
22 141
112 142
72 143
27 144
140 145
121 146
29 147
85 148
35 149
14 150
91 151
6 152
83 153
126 154
124 155
67 156
10 157
131 158
85 159
89 160
63 161
102 162
120 163
60 164
30 165
101 166
102 167
24 168
131 169
136 170
75 171
40 172
168 173
9 174
146 175
127 176
100 177
30 178
1 179
178 180
18 181
104 182
111 183
76 184
103 185
134 186
3 187
171 188
47 189
168 190
190 191
165 192
49 193
96 194
151 195
32 196
8 197
132 198
89 199
74 200
180 201
154 202
138 203
128 204
102 205
81 206
32 207
102 208
9 209
21 210
178 211
82 212
13 213
200 214
138 215
3 216
113 217
159 218
181 219
42 220
103 221
147 222
105 223
133 224
50 225
63 226
28 227
188 228
163 229
105 230
131 231
88 232
112 233
145 234
64 235
84 236
39 237
221 238
63 239
111 240
50 241
161 242
93 243
33 244
143 245
45 246
110 247
208 248
193 249
4 250
1 251
116 252
147 253
234 254
127 255
172 256
141 257
188 258
26 259
90 260
229 261
159 262
111 263
107 264
183 265
128 266
263 267
31 268
236 269
64 270
15 271
166 272
103 273
226 274
250 275
19 276
210 277
131 278
156 279
182 280
64 281
3 282
109 283
186 284
139 285
83 286
98 287
126 288
167 289
161 290
51 291
65 292
283 293
36 294
255 295
92 296
256 297
126 298
86 299
98 300
156 301
218 302
36 303
176 304
50 305
168 306
280 307
117 308
122 309
262 310
212 311
190 312
262 313
138 314
86 315
279 316
158 317
148 318
106 319
239 320
43 321
245 322
248 323
162 324
76 325
177 326
278 327
43 328
76 329
40 330
59 331
18 332
36 333
195 334
6 335
110 336
72 337
172 338
220 339
64 340
73 341
301 342
176 343
328 344
226 345
216 346
276 347
243 348
213 349
99 350
12 351
120 352
95 353
123 354
53 355
124 356
270 357
297 358
28 359
224 360
163 361
259 362
210 363
96 364
100 365
72 366
351 367
80 368
260 369
283 370
44 371
326 372
120 373
231 374
44 375
56 376
260 377
197 378
79 379
238 380
327 381
60 382
287 383
239 384
267 385
161 386
352 387
67 388
173 389
375 390
156 391
335 392
284 393
352 394
23 395
74 396
207 397
72 398
368 399
196 400
331 401
190 402
242 403
228 404
401 405
125 406
182 407
74 408
118 409
238 410
251 411
70 412
1 413
313 414
73 415
136 416
185 417
57 418
313 419
155 420
414 421
310 422
398 423
333 424
383 425
43 426
46 427
391 428
122 429
293 430
291 431
374 432
152 433
220 434
341 435
307 436
112 437
313 438
372 439
235 440
5 441
64 442
152 443
116 444
74 445
343 446
211 447
240 448
46 449
283 450
151 451
72 452
409 453
18 454
441 455
374 456
309 457
424 458
320 459
15 460
360 461
326 462
178 463
152 464
97 465
172 466
60 467
252 468
321 469
443 470
272 471
29 472
268 473
124 474
275 475
45 476
31 477
105 478
89 479
58 480
21 481
243 482
298 483
287 484
313 485
141 486
35 487
204 488
278 489
151 490
280 491
168 492
370 493
153 494
427 495
299 496
78 497
482 498
207 499
60 500
202 501
367 502
480 503
167 504
217 505
281 506
442 507
371 508
248 509
39 510
219 511
51 512
147 513
274 514
360 515
405 516
222 517
451 518
81 519
341 520
441 521
371 522
388 523
6 524
131 525
153 526
246 527
467 528
184 529
293 530
99 531
399 532
430 533
421 534
384 535
387 536
4 537
493 538
8 539
490 540
336 541
121 542
361 543
440 544
51 545
328 546
224 547
200 548
174 549
412 550
369 551
328 552
407 553
183 554
237 555
359 556
496 557
551 558
431 559
320 560
55 561
111 562
94 563
514 564
431 565
344 566
261 567
450 568
342 569
247 570
306 571
112 572
456 573
222 574
439 575
366 576
123 577
137 578
240 579
303 580
55 581
347 582
350 583
18 584
311 585
234 586
19 587
204 588
492 589
480 590
268 591
515 592
114 593
185 594
510 595
208 596
510 597
171 598
87 599
439 600
399 601
153 602
318 603
410 604
299 605
239 606
93 607
71 608
211 609
92 610
56 611
106 612
201 613
186 614
174 615
309 616
258 617
505 618
72 619
601 620
284 621
333 622
483 623
253 624
530 625
90 626
35 627
265 628
578 629
43 630
420 631
70 632
70 633
329 634
300 635
374 636
86 637
134 638
4 639
327 640
548 641
286 642
374 643
523 644
121 645
620 646
271 647
632 648
479 649
74 650
374 651
566 652
652 653
101 654
614 655
388 656
222 657
374 658
305 659
183 660
519 661
653 662
44 663
195 664
308 665
298 666
658 667
124 668
280 669
112 670
64 671
565 672
278 673
298 674
28 675
268 676
666 677
264 678
203 679
372 680
279 681
51 682
133 683
251 684
639 685
415 686
542 687
21 688
655 689
590 690
532 691
202 692
399 693
310 694
61 695
225 696
520 697
311 698
452 699
532 700
138 701
150 702
534 703
286 704
272 705
661 706
410 707
23 708
405 709
405 710
372 711
663 712
122 713
264 714
577 715
494 716
706 717
434 718
161 719
425 720
621 721
492 722
146 723
547 724
456 725
500 726
501 727
595 728
547 729
56 730
223 731
280 732
307 733
80 734
511 735
433 736
347 737
453 738
396 739
594 740
730 741
4 742
412 743
460 744
591 745
312 746
531 747
398 748
4 749
199 750
718 751
359 752
303 753
254 754
631 755
509 756
670 757
72 758
34 759
665 760
76 761
749 762
234 763
318 764
413 765
202 766
519 767
117 768
702 769
499 770
157 771
104 772
468 773
610 774
687 775
357 776
599 777
484 778
585 779
729 780
266 781
441 782
308 783
776 784
429 785
405 786
24 787
424 788
738 789
59 790
201 791
172 792
252 793
572 794
615 795
299 796
645 797
94 798
554 799
634 800
706 801
88 802
445 803
626 804
744 805
78 806
632 807
331 808
233 809
320 810
756 811
352 812
527 813
692 814
229 815
570 816
465 817
483 818
229 819
615 820
652 821
143 822
690 823
88 824
411 825
205 826
25 827
346 828
305 829
710 830
672 831
522 832
750 833
93 834
646 835
273 836
125 837
458 838
551 839
387 840
118 841
665 842
479 843
43 844
420 845
628 846
405 847
526 848
448 849
113 850
770 851
362 852
639 853
416 854
39 855
286 856
8 857
273 858
524 859
724 860
473 861
833 862
231 863
755 864
203 865
326 866
192 867
24 868
772 869
787 870
736 871
91 872
669 873
429 874
660 875
51 876
781 877
373 878
371 879
139 880
261 881
247 882
303 883
513 884
723 885
746 886
84 887
527 888
492 889
263 890
114 891
383 892
456 893
131 894
374 895
435 896
225 897
147 898
561 899
752 900
897 901
397 902
559 903
633 904
575 905
174 906
661 907
242 908
397 909
393 910
387 911
86 912
101 913
430 914
406 915
424 916
117 917
340 918
771 919
860 920
134 921
313 922
253 923
346 924
819 925
187 926
812 927
519 928
119 929
20 930
297 931
383 932
291 933
616 934
134 935
526 936
148 937
809 938
726 939
451 940
865 941
221 942
928 943
917 944
171 945
677 946
185 947
918 948
233 949
336 950
824 951
66 952
839 953
908 954
329 955
946 956
122 957
39 958
607 959
150 960
22 961
593 962
622 963
562 964
370 965
175 966
601 967
225 968
387 969
783 970
747 971
78 972
788 973
723 974
420 975
283 976
637 977
201 978
128 979
493 980
259 981
808 982
95 983
632 984
302 985
609 986
631 987
883 988
904 989
543 990
828 991
549 992
709 993
59 994
312 995
566 996
603 997
335 998
420 999
309 1000
1000
0 509
0 43
1 182
0 792
1 763
0 226
0 682
1 698
1 348
1 161
0 685
0 233
0 405
0 60
1 786
0 659
1 905
0 762
1 925
1 682
0 526
0 543
1 870
0 923
0 256
0 410
1 242
0 344
1 621
1 568
1 26
1 911
0 16
1 64
1 179
1 440
0 198
1 285
1 172
0 227
1 971
1 103
0 723
1 615
1 870
1 881
0 296
1 444
0 569
1 957
0 24
1 186
0 762
0 764
1 636
1 280
1 925
1 742
0 335
0 158
1 224
0 496
0 924
0 75
1 469
1 513
1 797
1 561
0 611
1 588
0 565
1 739
1 957
0 969
1 543
1 838
1 394
0 667
0 188
0 765
0 723
1 404
0 322
1 883
0 776
0 733
0 288
1 173
1 316
0 718
1 834
1 429
0 500
1 556
1 467
1 225
0 516
1 366
0 518
0 921
1 466
0 7
0 156
0 133
0 353
0 63
1 489
0 996
1 303
0 386
1 855
1 846
1 440
0 503
1 258
1 196
0 993
1 282
1 314
0 922
1 597
0 371
0 508
0 212
0 203
1 212
1 9
0 542
1 726
1 983
0 741
1 138
1 844
1 566
1 393
1 990
0 751
0 841
0 986
0 803
0 8
0 156
0 72
0 368
0 711
0 806
0 888
0 165
1 915
1 396
0 818
1 536
0 624
1 43
0 507
0 643
1 164
0 473
0 981
1 363
1 210
1 805
1 946
0 675
1 976
0 674
1 37
0 208
0 432
0 608
1 681
0 122
0 298
0 715
0 463
0 553
0 144
1 946
0 884
1 750
0 200
1 369
0 521
0 101
0 566
1 768
1 369
1 10
0 904
0 802
0 735
0 409
1 304
0 727
0 766
1 684
0 174
0 818
1 766
1 65
0 523
0 819
1 998
0 130
1 886
0 182
1 36
1 315
1 427
0 474
1 839
0 759
1 119
1 188
0 62
1 627
1 742
1 425
0 246
0 218
0 790
1 207
0 935
1 711
1 657
1 421
0 447
0 166
0 902
0 174
0 646
0 764
0 536
0 546
0 817
0 457
1 797
1 525
1 720
1 413
1 705
0 559
1 424
1 849
0 561
1 146
1 393
0 434
0 856
0 743
1 672
1 17
1 37
0 385
1 702
1 990
1 531
1 15
1 623
1 968
0 8
1 999
0 589
0 814
1 599
0 942
0 331
0 281
1 742
0 633
0 986
1 456
0 433
0 215
1 695
1 595
0 332
0 996
0 386
1 760
1 997
0 368
0 801
0 81
0 784
0 646
1 699
1 812
1 880
1 718
1 774
0 90
1 957
0 699
0 889
1 649
0 457
0 614
0 650
0 465
0 978
0 473
1 994
0 738
1 219
0 380
0 324
1 189
0 786
1 35
0 530
0 231
0 563
1 566
1 168
0 930
1 12
0 152
1 278
1 131
1 967
0 889
0 298
0 916
1 60
0 764
0 228
1 547
1 772
1 482
1 968
0 954
1 983
0 165
1 520
0 869
1 287
0 301
0 672
1 440
0 730
1 478
0 928
0 550
1 412
0 680
0 925
0 466
0 859
0 214
1 640
1 282
1 977
1 736
1 445
1 679
0 549
0 370
0 133
1 943
0 522
1 850
1 397
1 611
0 783
1 445
0 421
0 145
0 246
1 914
0 641
1 2
0 285
0 926
0 68
1 341
0 479
1 743
1 840
1 979
1 540
0 993
1 367
0 449
1 173
0 620
1 310
0 994
1 505
0 3
0 284
0 882
0 603
1 942
0 663
0 379
1 321
0 666
1 7
0 404
1 550
1 236
0 290
0 453
1 489
0 57
0 822
0 77
1 85
1 633
1 834
0 604
0 191
1 799
0 893
1 201
0 739
0 747
1 677
1 629
0 391
0 841
0 978
0 261
0 757
1 63
1 344
1 357
1 389
1 98
1 369
0 944
0 809
1 202
0 824
1 984
0 1000
1 473
1 143
0 612
1 164
1 80
0 442
0 861
1 28
1 562
1 801
0 489
1 707
1 479
1 642
0 200
1 519
1 371
0 893
1 129
1 650
1 132
1 167
0 22
0 164
0 559
0 816
0 140
1 15
0 828
1 533
0 404
1 321
0 853
0 902
1 188
0 38
1 731
1 816
0 423
1 956
1 58
0 60
1 649
0 725
1 792
1 222
1 940
0 121
0 769
1 559
0 917
0 257
1 989
0 708
0 936
1 973
0 89
0 973
0 752
0 238
0 282
0 391
1 368
0 109
0 566
1 587
1 893
1 410
1 83
0 724
0 577
0 422
1 749
1 485
1 633
1 362
1 508
0 280
0 464
1 45
1 291
1 424
0 906
0 474
1 555
0 464
1 578
1 456
0 502
0 81
0 924
1 240
1 581
0 921
1 220
0 634
1 290
0 302
0 965
1 601
0 14
1 319
1 691
0 330
1 645
1 276
0 242
1 497
0 373
0 832
1 540
0 220
0 810
0 14
1 758
0 814
1 669
0 242
0 44
0 709
0 304
0 67
1 417
0 860
0 660
0 328
1 616
0 786
0 627
0 304
1 494
0 313
1 790
1 672
1 53
0 665
1 208
1 17
1 194
1 698
0 978
0 743
1 16
0 493
0 885
1 243
1 291
0 404
0 251
1 306
0 278
0 141
1 382
0 172
1 838
0 555
1 535
1 669
1 364
0 372
1 24
1 160
1 487
0 332
0 522
1 399
0 567
1 25
1 217
1 908
1 59
1 614
1 299
1 492
0 661
1 96
1 620
1 174
1 632
1 988
0 141
1 696
1 145
0 310
1 936
0 554
1 251
1 699
0 606
0 385
1 425
0 745
0 314
0 894
1 32
0 898
1 475
0 37
1 522
1 164
1 597
1 766
0 21
1 43
0 160
1 247
1 89
0 574
0 808
0 719
0 366
1 462
0 260
0 677
1 356
1 394
0 87
0 455
1 496
1 518
1 194
1 531
0 70
1 711
0 943
0 842
1 602
0 793
0 527
0 736
1 53
1 449
0 662
0 326
0 182
0 635
0 306
0 720
0 766
1 926
0 88
1 943
0 387
0 338
0 678
1 823
1 471
1 953
1 106
0 802
1 102
1 83
0 697
1 316
1 259
0 392
0 745
1 493
1 819
0 723
1 176
1 802
0 680
1 633
0 571
1 868
0 960
1 190
1 96
1 311
1 612
0 464
1 484
0 989
1 745
1 745
0 85
1 96
1 738
0 393
1 809
1 67
0 444
0 155
1 365
0 26
0 801
1 595
1 703
1 950
0 157
0 774
0 533
1 386
1 844
1 314
0 636
0 896
1 690
0 122
0 970
0 501
0 321
1 652
1 636
1 921
0 335
1 426
1 785
0 608
0 718
1 44
0 468
1 411
1 50
0 572
1 902
0 103
1 118
0 441
1 113
1 469
0 472
0 885
1 399
1 257
0 528
0 478
1 785
1 691
1 92
1 465
1 289
1 921
1 815
0 338
1 800
0 419
0 742
0 278
0 1000
0 549
1 658
0 81
0 668
1 841
1 65
0 560
0 322
0 370
1 20
0 200
0 192
0 386
0 2
0 605
1 348
0 565
1 404
1 261
1 795
0 988
0 967
1 866
0 27
0 819
0 557
1 219
0 385
1 243
1 92
0 43
0 36
0 801
1 118
0 65
0 911
0 517
0 479
1 726
1 27
1 500
1 930
0 530
0 539
0 190
0 69
1 640
1 182
0 848
1 760
1 645
0 129
1 603
1 498
0 893
0 778
1 828
0 164
1 142
0 414
0 610
0 203
0 619
1 812
1 787
1 578
0 634
1 319
0 447
0 670
1 526
1 568
1 315
1 425
0 702
0 602
1 984
1 448
1 77
1 244
0 257
1 733
1 768
0 795
0 737
1 557
1 194
0 285
0 194
1 402
0 803
1 527
0 279
1 738
1 517
1 400
1 387
0 367
1 654
1 628
1 256
1 165
0 337
0 114
0 257
1 696
0 373
1 445
0 24
0 459
1 852
1 799
1 97
0 841
0 77
0 257
1 972
0 792
1 570
0 605
0 783
0 121
1 51
0 981
1 698
0 978
1 865
0 25
0 794
1 964
0 996
0 188
1 951
0 109
0 614
0 911
1 613
0 15
1 813
1 53
0 646
0 342
0 517
0 493
1 983
1 990
1 476
1 292
1 510
0 308
0 668
0 248
1 611
1 88
0 580
1 182
1 164
0 353
0 408
1 453
1 119
0 929
0 756
1 737
1 460
0 261
0 733
0 897
1 360
1 342
0 912
1 489
1 339
0 722
0 777
1 288
0 986
1 236
0 949
1 827
1 935
0 55
0 520
0 40
0 772
0 919
1 240
0 388
1 820
0 145
1 272
1 910
1 90
1 278
0 343
1 162
0 23
1 228
1 382
0 855
0 784
0 717
1 941
1 201
1 974
1 302
1 719
0 599
0 725
1 945
0 865
1 174
1 677
1 835
0 79
0 957
0 52
1 847
0 495
1 7
0 730
0 785
