1000
21 197
30 892
138 844
15 302
97 395
12 564
27 244
97 394
156 630
181 730
379 759
317 635
155 311
382 765
102 205
1 1000
120 241
120 256
27 390
27 389
27 391
27 417
236 473
236 660
184 742
184 741
184 743
184 829
114 229
114 323
111 450
111 449
111 451
111 585
53 968
53 967
53 969
53 978
339 679
339 783
313 627
313 880
375 751
375 898
328 657
328 996
284 569
284 710
292 585
292 777
53 702
53 701
53 703
53 710
58 492
58 491
58 493
58 618
363 727
363 798
334 669
334 946
46 93
46 151
39 162
39 161
39 163
39 247
49 777
49 776
49 778
49 882
127 777
127 776
127 778
127 953
203 407
203 781
27 469
27 468
27 470
27 515
107 884
107 883
107 885
107 984
143 287
143 305
156 313
156 537
291 583
291 771
26 171
26 170
26 172
26 218
105 426
105 425
105 427
105 628
227 455
227 672
95 386
95 385
95 387
95 457
248 497
248 729
98 197
98 295
67 870
67 869
67 871
67 894
245 491
245 975
70 588
70 587
70 589
70 643
42 364
42 363
42 365
42 449
198 798
198 797
198 799
198 948
351 703
351 781
216 433
216 532
241 483
241 540
57 484
57 483
57 485
57 520
6 688
6 687
6 689
6 764
40 166
40 165
40 167
40 177
304 609
304 934
166 333
166 390
76 310
76 309
76 311
76 346
337 675
337 829
170 341
170 632
132 808
1 21
1 20
1 22
1 35
94 382
94 381
94 383
94 568
9 630
9 629
9 631
9 689
91 756
91 755
91 757
91 892
166 670
166 669
166 671
166 850
114 229
114 331
279 559
279 958
126 510
126 509
126 511
126 624
24 49
24 76
181 363
181 633
140 281
140 314
107 884
107 883
107 885
107 956
78 318
78 317
78 319
78 448
23 488
23 487
23 489
23 553
111 223
111 413
151 303
151 510
138 843
138 842
138 844
138 926
46 618
46 617
46 619
46 638
45 606
45 605
45 607
45 696
138 558
138 557
138 559
138 624
127 514
127 513
127 515
127 603
30 126
30 125
30 127
30 161
313 627
313 783
277 555
277 985
212 425
212 698
417 835
473 947
473 989
167 674
167 673
167 675
167 759
183 367
183 640
72 604
72 603
72 605
72 713
64 262
64 261
64 263
64 351
117 717
117 716
117 718
117 771
223 447
223 597
127 514
127 513
127 515
127 677
190 381
190 695
365 731
365 882
138 277
138 340
148 297
148 425
176 353
176 699
233 938
233 937
233 939
233 962
81 163
81 248
81 676
81 675
81 677
81 691
64 685
64 684
64 686
64 731
227 914
227 913
227 915
227 932
84 169
84 308
69 139
69 157
108 438
108 437
108 439
108 601
52 819
52 818
52 820
52 915
212 425
212 521
74 459
74 458
74 460
74 575
38 837
38 836
38 838
38 847
460 921
460 925
133 370
312 773
100 827
100 829
100 935
43 371
43 373
43 416
4 939
4 941
4 965
366 851
195 777
317 719
436 936
27 389
27 391
27 434
304 841
111 680
111 682
111 751
82 266
319 708
303 752
55 725
55 727
55 769
132 533
132 535
132 704
44 126
206 455
342 821
117 716
117 718
117 939
311 913
388 897
146 589
146 591
146 789
303 760
111 680
111 682
111 849
33 461
33 463
33 467
177 698
94 779
94 781
94 950
217 873
217 875
217 903
290 688
232 476
52 443
52 445
52 562
38 242
38 244
38 288
206 829
206 831
206 962
308 919
250 830
95 787
95 789
95 967
142 547
300 964
158 499
104 638
104 640
104 807
46 734
46 736
46 774
188 757
188 759
188 897
76 470
76 472
76 568
187 418
14 943
14 945
14 973
210 638
375 774
103 417
103 419
103 455
414 851
18 707
18 709
18 758
365 783
278 890
12 368
12 370
12 410
240 736
59 183
13 516
13 518
13 565
207 791
260 883
35 679
35 681
35 724
40 165
40 167
40 218
410 913
103 632
103 634
103 652
183 514
243 502
133 812
133 814
133 843
286 974
118 477
118 479
118 500
293 725
149 601
149 603
149 611
199 801
199 803
199 890
121 471
106 429
106 431
106 448
291 914
345 943
59 499
59 501
59 560
169 540
118 386
77 313
77 315
77 365
367 866
39 533
39 535
39 629
70 285
343 853
83 691
83 693
83 784
74 246
93 771
93 773
93 959
244 616
175 483
67 869
67 871
67 926
232 531
72 243
156 406
12 968
12 970
12 989
18 281
18 283
18 322
131 529
131 531
131 711
347 711
34 473
34 475
34 551
104 421
104 423
104 615
373 903
131 800
131 802
131 958
37 323
37 325
37 408
119 481
119 483
119 554
196 677
85 524
85 526
85 571
391 873
90 365
90 367
90 412
249 635
46 323
101 569
318 932
263 899
28 422
5 332
112 785
198 521
199 628
15 895
38 412
285 639
370 885
101 342
93 512
367 786
59 465
461 924
27 496
29 667
10 186
101 265
287 963
134 320
168 487
65 940
284 755
117 705
57 203
229 577
9 726
141 458
72 974
114 860
240 584
183 927
106 262
75 200
317 784
283 917
55 287
47 507
240 707
67 345
57 783
134 998
84 192
215 878
287 694
272 998
49 446
97 247
66 567
220 978
217 869
67 305
256 702
42 347
333 988
212 524
410 998
244 995
40 528
305 747
120 860
127 403
239 820
309 646
183 595
73 993
319 739
77 992
429 960
115 889
241 538
382 870
75 376
321 844
55 542
124 896
237 544
15 744
151 979
8 754
54 131
59 378
11 270
354 748
107 985
175 850
63 919
142 794
331 740
319 742
85 633
399 813
77 957
101 651
254 598
222 967
390 889
178 965
259 975
176 546
220 889
191 474
422 959
116 823
83 993
168 643
231 939
174 431
138 769
313 924
20 810
192 985
337 827
195 487
397 988
56 249
216 883
268 544
69 460
6 677
360 892
150 700
147 824
418 983
176 442
94 373
89 653
165 915
182 540
101 963
457 968
464 942
128 274
163 676
302 635
477 999
176 862
401 984
317 778
297 686
171 635
187 424
166 857
2 806
8 39
95 406
252 785
40 81
477 996
210 429
259 531
395 845
153 414
250 652
72 363
214 950
370 764
22 901
198 991
28 809
100 955
97 700
87 284
363 729
319 672
402 909
126 775
49 782
332 881
308 721
208 604
22 867
53 800
88 396
35 579
142 832
138 625
36 543
384 801
68 935
51 294
261 557
65 553
68 951
408 894
14 137
73 657
489 998
58 513
71 291
116 773
72 696
151 336
288 779
162 443
119 351
310 665
5 147
2 144
128 716
125 918
25 201
442 986
34 551
3 312
286 616
117 758
433 881
74 619
14 671
29 996
291 926
3 835
29 799
34 503
462 994
170 501
177 818
16 180
222 732
197 584
312 866
17 506
248 731
4 342
271 716
124 716
177 893
90 633
364 954
129 552
105 902
12 523
226 531
193 987
211 582
144 737
60 529
152 718
253 965
175 909
75 432
91 262
107 263
216 503
172 853
197 921
381 812
66 371
120 730
63 996
327 717
134 668
471 974
92 259
124 268
235 894
147 758
51 512
189 891
33 451
164 450
221 649
86 187
153 532
36 284
372 842
24 919
414 949
26 550
97 587
97 855
34 701
53 192
86 251
181 724
113 833
117 345
296 991
47 208
82 958
21 283
70 590
114 992
292 816
58 446
118 244
71 236
218 693
99 717
6 847
290 915
173 942
157 548
16 372
239 693
67 690
265 945
63 133
384 790
311 897
156 619
246 542
2 677
159 691
86 604
45 876
398 890
71 989
17 391
292 785
209 586
231 468
272 708
469 949
355 864
369 875
220 554
48 471
225 931
108 392
42 577
8 274
177 952
93 567
268 749
31 856
98 894
1 708
35 595
172 838
244 524
8 107
238 522
99 590
49 496
96 229
284 934
274 732
71 433
332 789
277 933
229 808
177 663
139 577
142 348
286 933
346 821
1 969
128 535
42 986
275 879
359 852
196 393
132 366
106 362
123 819
366 791
126 907
462 952
275 617
120 921
226 718
13 755
111 838
85 785
51 476
191 993
7 766
41 428
75 677
49 224
266 616
165 586
129 885
23 451
280 896
289 876
293 767
149 382
474 992
211 578
31 941
76 924
395 820
58 220
140 994
6 887
205 457
350 898
116 302
93 623
30 904
139 780
217 962
14 738
207 489
41 170
106 769
361 743
427 925
95 315
259 869
170 954
54 482
7 245
173 654
144 926
302 664
161 557
313 692
9 706
149 839
111 273
349 829
125 780
63 221
189 848
46 995
272 791
17 231
440 937
76 251
53 742
280 783
187 782
6 584
370 906
295 847
137 581
27 616
55 881
355 908
322 875
313 680
254 661
40 364
109 253
63 598
298 774
33 429
42 249
20 472
58 205
271 585
162 772
183 753
75 312
3 957
149 438
375 798
335 777
353 851
59 796
259 620
32 646
143 697
188 766
69 426
30 152
43 372
237 585
437 892
180 965
62 770
67 691
252 920
117 981
276 722
62 935
