1
100 3 5 7
3 12 15 1 15 3 1
4 2 8 2 2 8 2
1 24 12 8 2 4 2
2 4 4 16 16 2 1
1 2 12 6 4 12 8
5 1 5 15 5 15 1
2 2 4 1 20 4 5
1 3 12 3 4 36 1
75 1 5 1 25 3 15
1 9 3 1 9 3 27
1 5 5 3 3 15 9
1 2 2 5 50 1 1
25 25 5 5 125 5 5
12 3 8 8 24 1 2
1 12 3 24 24 12 6
1 4 25 20 100 25 5
5 1 25 5 2 10 1
40 8 40 2 10 40 8
80 80 4 80 80 16 1
1 16 64 4 16 4 16
2 2 10 10 10 2 10
12 6 4 6 4 4 1
2 12 6 4 2 12 12
15 15 1 15 25 5 5
15 3 15 9 5 45 9
6 15 1 5 1 6 2
4 60 15 20 60 12 60
5 2 8 5 10 20 1
3 12 3 9 1 1 3
10 2 1 2 8 8 10
5 1 2 4 5 1 2
5 20 25 20 4 20 5
40 5 5 1 4 5 5
6 3 18 6 1 3 9
15 15 15 15 5 5 3
1 48 12 12 3 4 12
20 10 2 1 5 10 1
5 1 5 5 25 5 125
6 1 6 3 3 2 3
12 3 4 60 12 5 1
4 12 12 3 3 12 12
1 6 30 5 30 10 3
20 5 5 2 2 5 4
3 1 3 12 12 4 12
4 16 4 4 4 16 4
2 4 1 2 4 8 2
1 10 30 1 15 3 10
3 12 8 8 2 6 1
10 10 50 25 1 10 1
16 4 4 2 1 4 4
1 5 10 20 2 2 5
3 2 15 2 30 5 3
4 20 20 2 5 2 10
10 4 40 8 4 5 40
2 8 4 4 4 16 8
10 10 2 2 2 10 2
1 2 10 1 2 4 10
3 27 9 3 9 3 3
1 10 40 8 5 2 20
1 2 1 10 8 40 2
32 2 4 8 8 32 8
20 40 40 20 2 40 5
4 5 1 100 25 25 1
2 10 10 2 2 1 20
36 4 4 12 3 12 12
4 2 8 8 2 16 2
1 10 10 25 5 50 10
5 10 5 2 1 1 5
1 12 48 4 4 4 12
12 5 12 4 5 12 12
1 1 10 3 5 2 1
4 2 32 2 8 8 1
20 1 20 5 4 25 1
4 60 20 15 12 20 4
5 2 5 2 1 50 1
5 25 25 5 1 25 25
25 20 20 20 20 5 4
6 6 1 1 18 1 1
4 12 4 9 12 9 3
1 80 5 16 4 20 4
18 18 3 3 1 9 6
1 40 4 2 20 4 10
12 4 15 5 5 4 4
20 100 1 4 5 25 25
2 1 5 30 5 1 30
125 125 5 25 1 25 5
5 20 15 20 5 1 15
20 1 2 40 2 20 8
2 25 5 1 5 10 5
20 5 4 60 12 4 3
20 16 5 80 20 20 16
4 16 4 4 4 4 16
2 4 4 4 8 4 4
10 4 1 10 2 4 20
4 60 60 20 20 5 1
6 6 6 18 3 1 3
5 4 20 1 5 1 80
50 10 10 5 1 50 25
6 2 3 3 2 6 1
5 4 80 4 20 80 20
