100
2 100.0000 88.5467
0.0002 92.4863
0.0004 84.6071
2 99.9994 57.4017
0.0010 44.6732
13.0236 70.1302
2 99.9995 28.7422
80.3785 0.1692
99.9999 28.7422
1 10.0000 50.0000
0.2000 50.0000
2 99.9991 60.9172
0.0002 48.6340
0.0007 61.2128
2 0.0001 70.7801
99.9992 84.6838
99.9997 70.7801
2 0.0004 84.8212
0.0004 98.3929
0.0004 71.2496
2 57.8994 31.0605
26.2248 10.8194
91.3474 31.0603
2 73.8025 17.3189
0.0002 17.3189
0.0001 17.3189
2 99.4808 76.9326
99.9999 76.9326
100.0000 76.9326
2 0.0009 10.8197
99.9997 43.9877
77.7776 10.8197
2 0.0003 16.3691
99.9995 62.9555
99.9997 16.3485
2 17.1965 99.9000
62.1219 0.5953
0.5580 99.9000
2 0.0002 48.2339
100.0000 9.6970
0.0007 48.2339
2 100.0000 12.5906
99.9995 78.1552
0.0003 12.5906
2 100.0000 38.7147
40.7408 1.2884
49.2665 76.1411
2 0.0004 60.6464
0.0004 84.2329
0.0009 60.6464
2 99.9991 92.6073
0.0002 92.4997
99.9995 97.8779
2 99.9993 36.7534
0.0001 36.7001
0.0004 83.7652
2 99.9994 50.9913
99.9996 15.0831
0.0009 50.9913
2 0.0010 67.7821
99.9993 67.7817
99.9993 36.2309
2 5.0000 99.9000
30.0000 99.8999
20.0000 99.7000
2 0.0004 40.7229
82.6551 71.7955
99.9993 9.6502
2 99.9992 52.8968
0.0008 52.8968
99.9995 92.3994
2 0.0001 77.2831
0.0001 97.3911
0.0001 57.1751
2 0.0001 28.4035
6.8019 49.3952
13.8293 7.4118
2 0.0002 77.7649
21.5843 78.3264
99.9993 65.3510
2 49.9071 59.8212
78.9454 59.8223
59.7574 72.5315
2 0.0003 88.9499
0.0002 70.1712
0.0002 88.9499
2 87.3721 3.7693
0.0005 90.2272
100.0000 3.7689
2 100.0000 88.3984
0.0001 88.3983
99.9999 88.3984
2 0.0002 42.9342
0.0011 42.9342
0.0011 85.5227
2 0.0006 17.3971
44.3255 17.3971
99.9993 84.2868
2 99.9998 34.3641
99.9998 58.0197
99.9994 34.3641
2 0.0011 51.6191
0.0002 97.8377
99.9993 5.4004
1 0.1682 62.4679
87.2219 58.6645
1 60.9464 99.9000
3.3349 99.9000
2 100.0000 91.0433
99.9993 91.0433
99.9992 98.5920
2 0.0005 27.2387
99.9999 27.2387
100.0000 94.5427
2 99.9994 26.2430
38.9748 87.4977
99.9994 26.2430
2 0.0009 96.6459
0.0010 89.5851
99.9993 96.6459
2 100.0000 75.6127
70.0263 75.6127
27.0364 27.7990
2 0.0002 1.4368
0.0005 1.4379
99.9993 43.6849
2 100.0000 40.8740
0.0008 40.8740
0.0004 99.4455
2 0.0001 60.4927
99.9993 60.4927
0.0004 71.1826
1 33.5334 0.1000
71.9374 29.4134
2 0.0011 56.0919
0.0009 22.1266
0.0008 90.0572
2 0.0006 90.5514
99.9999 91.2802
99.9997 89.2957
2 45.3257 1.6667
100.0000 1.6667
99.9999 1.6667
2 99.9999 38.3721
0.0001 38.3232
0.0010 74.7520
2 100.0000 65.1586
0.0001 65.1587
99.9999 65.1586
2 99.9998 53.0677
99.9998 17.3212
0.0002 53.5934
2 0.0004 6.8424
99.9997 53.4680
0.0009 6.8350
2 99.9997 7.8980
0.0007 9.4506
2.5706 7.8869
2 0.0008 51.3917
0.0003 5.7135
99.9996 51.5579
2 0.0004 29.1378
99.9993 29.1378
99.9991 79.6971
2 99.9998 44.9488
0.0006 1.6677
99.9997 44.9488
2 99.9995 79.3481
99.9995 79.3481
99.9998 15.3826
2 10.9943 40.8909
14.9549 75.8473
63.2274 77.2717
2 99.9996 95.5442
99.9999 34.0429
16.8754 96.0495
2 0.0005 39.6271
99.9999 22.8950
99.9996 56.3592
2 0.0010 14.7226
99.9999 9.2553
99.9993 20.1899
2 99.9991 22.9041
99.9996 54.4513
99.9994 22.8811
2 99.9991 63.6913
99.9990 30.1384
0.0009 97.2441
1 7.8225 95.9735
76.2345 95.9731
2 99.9990 65.5529
99.9999 65.5529
0.0008 85.5261
2 99.9996 22.2319
99.9996 32.0625
99.9997 12.4013
2 0.0005 78.8655
0.0001 60.3740
99.9993 97.3571
2 59.1081 96.8236
85.9566 98.5488
45.9915 93.5993
2 99.9996 84.0132
0.0010 12.4110
35.3398 84.0132
2 40.1494 95.2371
2.2142 93.2410
39.3946 95.3493
2 99.9992 72.8980
0.0003 40.5172
0.0008 72.8980
1 38.7063 51.3141
75.8265 43.2846
2 0.0002 60.7510
11.0665 16.7139
0.0002 60.7510
2 99.9992 27.8910
0.0003 74.5493
0.0004 27.8536
1 69.8964 87.3278
57.6106 87.3278
2 0.0001 0.1001
0.0001 0.1003
0.0001 0.1000
2 0.0002 30.2044
99.9996 29.4253
0.0003 30.3289
2 0.0008 27.8937
0.0009 17.7060
0.0006 28.1507
2 94.7989 97.5517
55.2959 70.9056
85.2604 52.7721
2 99.9999 41.8425
16.9299 91.2859
0.0011 41.8425
2 99.9990 57.4645
99.9998 37.9188
99.9992 58.0449
2 30.0000 65.4321
0.0001 50.0000
100.0000 99.9000
2 0.0005 71.4328
0.0006 71.4328
99.9992 76.0992
2 99.9990 84.2942
99.9993 45.4880
99.9996 84.9770
2 0.0007 62.0218
99.9994 62.0218
99.9991 33.2599
2 0.0009 65.2148
0.0007 67.1875
71.4525 63.2422
1 16.5791 99.9000
81.0433 26.1839
2 0.0007 11.2222
0.0004 66.1629
85.1379 11.2076
2 100.0000 65.1587
0.0001 65.1587
99.9999 65.1586
2 0.0002 36.1838
0.0001 16.3060
64.7980 36.4801
2 30.2027 13.6469
88.8469 41.0229
24.8356 41.0229
2 0.0011 73.5291
99.9999 73.5291
99.9998 14.3219
2 99.9996 76.8043
0.0010 76.6916
99.9991 84.0653
2 0.0001 0.1000
0.0001 0.1002
0.0001 0.1001
2 100.0000 88.3983
0.0001 88.3983
99.9999 88.3984
2 99.9999 20.4221
0.0007 67.5515
0.0002 20.4221
2 86.6086 45.0090
91.9246 45.0090
58.4321 45.0090
2 0.0011 65.3531
0.0009 65.2809
0.0009 79.1736
2 68.8222 0.1000
96.8949 0.1000
31.7878 91.1735
