100
26.04 3.0 1967.70714
498.68179 1.44533 1933.93475
497.02126 1.15990 1950.03969
126.66293 3.28992 755.84643
11.0 3.0 151.0
13.00000 2.00000 26.00000
490.23966 1.30894 1937.98721
343.00000 2.00000 383.00000
498.93374 1.29715 1936.78361
56.46 2.026 561.52166
22.0 1.0 1474.0
442.782 2.4112 1427.0
184.0 2.0 223.0
493.88425 1.07807 1924.43783
143.33788 3.66009 1831.52511
23.0 2.0 564.0
498.23948 1.48122 1946.59860
434.00000 1.00000 477.00000
491.13149 1.10877 1990.07679
497.40115 1.31288 1980.97805
43.0 2.0 349.0
493.72410 1.27315 1927.03636
141.7 2.3 1.0000
131.51630 1.92824 1257.08463
165.01 2.0 889.97
494.55337 1.08602 1911.96391
39.91622 1.90766 504.85338
446.0 3.153 1386.00631
490.24287 1.35330 1990.81287
62.69161 2.55463 894.42581
240.30087 1.70211 1578.38595
282.12254 1.66818 690.72194
488.00000 2.00000 976.00000
196.0 2.0 308.0
159.0 1.0 1801.0
495.88450 1.04080 1999.52703
392.00000 2.00000 432.00000
59.28776 3.61462 99.39114
492.79890 1.47010 1926.72834
301.0 3.0 1972.0
498.02477 1.02664 1967.82443
250.48200 3.92136 259.85375
495.15654 1.24174 1915.77703
438.13418 3.51507 459.57987
497.47308 1.15860 1967.03923
323.0 2.0 866.0
416.23925 3.42348 1015.77087
497.70356 1.31446 1953.08718
1.01397 3.95839 1999.67185
498.90236 1.47069 1991.12920
111.85868 1.84174 53.53868
402.19163 3.31069 661.55686
492.83641 1.44033 1966.93111
427.78172 1.42817 1361.53222
311.66506 2.06267 1514.43922
493.78066 1.44979 1913.34083
1.0 2.7094 428.5815
489.00000 2.00000 978.00000
498.70737 1.39183 1993.82941
451.136 2.794 1313.301
1.08244 3.21584 1999.72445
492.74185 1.28505 1978.72788
250.0 3.344 1205.713
440.0 1.0 1373.0
104.91 3.97 813.9552
491.40310 1.27589 1955.33383
80.0 1.0 1716.0
1.01139 3.99683 2.89819
214.43557 3.66143 343.60325
364.23315 2.68 1429.17572
312.67 1.00 490.16
488.00000 1.00000 504.00000
413.7 1.60 1533.927
494.18654 1.45842 1947.82386
497.64476 1.28008 1900.53596
497.48595 1.34299 1975.50163
494.41911 1.21996 1990.94128
173.00000 2.00000 346.00000
380.94061 4.00 753.60351
493.25501 1.22640 1975.33396
1.02238 3.88216 1999.27333
105.12161 1.23804 187.33180
317.84811 1.21531 258.21599
350.90336 3.36081 1431.38444
490.92299 1.22572 1965.03763
194.0 3.0 754.0
420.7 1.9904 719.495
117.0 3.20841 1717.2
222.60790 3.37371 916.42176
500.00000 3.099 650.0
106.784 1.911 2000.0
399.49 3.0987 19.59839
1.06190 3.69874 1999.71005
490.62327 1.03887 1948.09551
490.13706 1.47968 1967.59316
297.0 4.0 744.0
490.68239 1.38785 1913.64990
493.29944 1.14558 1920.75627
497.57666 1.03307 1932.06645
491.21083 1.10815 1934.22721
