100
1
3
4
1 2 1 2
1
4
6
3 6 6 6 9 9
6
1 1 5 5 9 9
1
9
6
3 3 5 5 9 9
4
5 1 9 2
2
4 9
2
6 6
6
6 5 4 3 2 1
3
5 7 6
4
1 5 1 4
2
9 7
4
4 5 2 7
2
5 5
5
2 1 4 2 4
1
7
1
4
2
9 8
3
1 8 1
4
3 1 5 4
5
8 8 8 8 8
6
6 6 6 6 9 9
2
9 6
5
9 9 9 9 9
6
7 7 7 7 7 9
6
9 9 9 9 9 9
5
1 5 3 5 5
2
4 8
6
2 9 9 9 3 3
3
9 9 9
5
5 4 3 2 1
3
7 5 3
3
9 3 9
2
7 7
3
5 7 4
3
8 5 2
3
4 4 6
3
9 7 2
1
8
3
6 6 8
5
3 6 2 5 4
5
5 4 2 5 3
4
1 3 2 1
3
8 8 8
5
4 1 1 5 5
3
4 9 7
4
9 9 8 1
3
6 4 7
4
6 6 7 5
4
9 9 9 9
6
5 5 5 9 9 9
4
4 9 1 4
3
3 3 6
3
1 7 8
5
3 4 2 3 4
3
4 3 3
4
6 5 7 7
2
8 8
5
2 3 5 3 5
2
8 4
5
3 4 5 2 1
4
3 6 3 9
3
3 1 2
4
4 3 2 1
3
3 8 6
2
9 9
3
6 5 4
4
4 9 3 3
3
2 4 2
3
3 5 3
4
4 8 3 7
5
1 4 1 4 1
3
2 3 4
6
5 5 5 5 9 9
2
9 9
4
8 9 6 9
4
8 9 7 8
1
1
4
4 9 6 2
5
1 4 1 4 2
1
5
1
6
4
8 8 8 8
2
2 1
4
6 1 8 6
3
1 2 8
5
4 2 4 4 5
4
4 4 8 5
5
2 2 5 3 1
4
9 7 5 4
3
3 3 9
3
9 9 8
4
7 2 7 1
4
1 9 6 2
5
1 1 7 3 2
3
9 5 1
6
5 6 9 6 9 6
3
3 2 1
