100
5 20 5
6 10 6
4 4 10
3 20 3
6 6 2
6 6 4
6 4 2
3 20 2
3 3 15
4 6 15
20 3 4
6 3 4
4 20 20
3 3 4
6 4 4
3 6 3
6 20 10
4 3 1
20 6 1
4 3 3
20 3 3
4 20 3
20 6 4
4 4 2
4 20 1
20 20 1
6 4 3
3 3 1
6 3 2
3 4 4
6 20 3
3 6 4
3 20 4
20 20 4
4 6 2
3 3 2
4 4 3
4 20 4
3 4 3
3 20 10
3 4 10
6 20 4
20 3 2
4 3 4
4 4 4
20 4 4
6 3 10
6 3 3
20 4 10
20 20 3
6 6 10
6 20 2
6 6 3
20 4 2
3 6 10
3 6 2
4 3 2
4 6 4
3 4 2
6 4 10
4 6 10
5 3 10
4 6 2
6 4 3
5 20 5
6 10 6
4 4 10
3 20 3
6 6 2
6 6 4
6 4 2
3 20 2
3 3 15
4 6 15
20 3 4
6 3 4
4 20 20
3 3 4
6 4 4
3 6 3
6 20 10
4 3 1
20 6 1
4 3 3
20 3 3
4 20 3
20 6 4
4 4 2
4 20 1
20 20 1
6 4 3
3 3 1
6 3 2
3 4 4
6 20 3
3 6 4
3 20 4
20 20 4
4 6 2
3 3 2
4 4 3
4 20 4
3 4 3
3 20 10
3 4 10
6 20 4
20 3 2
4 3 4
4 4 4
20 4 4
6 3 10
6 3 3
20 4 10
20 20 3
6 6 10
6 20 2
6 6 3
20 4 2
3 6 10
3 6 2
4 3 2
4 6 4
3 4 2
6 4 10
4 6 10
5 3 10
4 6 2
6 4 3
