100
1
19
23
1999
900001
2000
1101
30
900000
12001
100
100001
999989
101001
10111
111
101
12
2200
2101
1001
1100
11111
21
999000
10001
77
999899
11000
99000
999990
10011
12000
2201
1099
32
31
29
200
10000
11101
999998
101000
11100
100000
90
10999
10100
1998
2001
10
16384
321098
110
990000
1000
999900
11
11010
899999
890123
11011
32768
102
999999
1111
989999
999001
900
10110
10101
9999
999
998999
9
1110
901234
99
11110
20
1000000
10010
91
999991
432109
22
999901
199
11001
654321
201
65536
8
19
901
2002
2100
99001
990001
512
