1000
465 3 988
5 3 4
100 100 10000
423 23 6017
2985 3 5866
5 1564 6220
6 687 3929
5 14 20
86 89 6088
16 551 6996
20 19 336
4695 1 344
641 11 4519
95 34 2796
1751 2 1800
71 89 3557
2892 3 7219
3 5 2
10 619 3937
519 7 2655
16 386 52
391 5 1557
10 509 2315
1 9999 9999
8 367 2658
92 86 2659
11 838 2633
661 14 7731
9 591 4088
2 1399 2278
229 42 8517
21 131 2552
73 40 2004
7 70 48
1 9 6
60 125 135
233 13 1910
773 2 1392
927 5 3447
3034 2 3539
35 267 7783
23 377 8186
7 457 2226
3 2834 8089
52 132 5556
113 61 4033
2 3239 3638
851 6 4947
1 10000 10000
1 10000 0
1219 5 3514
6 15 57
937 4 2944
9999 1 0
158 4 423
1 2643 1582
4258 2 7911
4703 2 5827
4871 2 8257
29 177 5078
9781 1 7445
2 551 911
142 22 2498
3 3019 4721
23 81 1563
14 37 322
4 2067 4364
2 3613 2088
346 23 6916
19 172 134
237 32 6588
3019 2 4704
12 829 5168
202 5 732
547 10 4022
2957 3 7320
37 203 863
3 152 331
545 9 1720
103 89 2046
2 2523 4183
31 166 3869
3 969 1098
403 3 615
5 1389 3733
137 49 4628
64 64 2057
650 11 3758
3095 3 7199
89 62 5120
1 9999 4998
8 547 2960
62 6 37
35 57 1619
4 161 184
3 4 12
6 942 4635
3 991 2572
4 84 327
3 261 765
3181 3 5876
3 2612 4185
8 607 3756
2179 2 2036
1 2804 1588
1117 8 6021
10 606 3258
1310 7 6405
25 379 4219
2309 4 8198
10000 1 4999
53 86 3552
5 3 11
39 233 7560
81 35 2536
319 29 7144
2 1933 268
37 129 3046
127 35 3398
71 104 4827
149 9 701
2141 3 3962
2 900 767
1 6009 5397
4 242 419
337 9 2196
23 257 5642
9105 1 554
460 19 5971
7 211 802
3 2551 1305
10000 1 0
179 53 6201
34 77 1401
2 1210 2100
1 7596 5436
7 536 3496
5810 1 4911
5463 1 5443
133 47 4791
1759 3 1927
358 4 665
218 16 3149
4351 2 7976
4 2159 8430
79 2 100
10 339 2049
2866 3 5446
802 4 2200
2454 3 6730
281 22 2737
7 1357 5855
10000 1 1
101 84 4708
58 101 3264
1110 2 2126
522 10 3954
1499 6 2725
1 5925 3873
2831 3 2713
23 7 99
2 4640 7433
8 301 1314
2926 2 4251
5 3 7
11 786 7591
7588 1 4499
1 8830 5248
67 139 7488
42 33 648
53 37 229
4511 2 8010
15 495 5342
4865 2 8712
3 226 431
88 8 469
3 2127 5308
53 34 1108
5 3 3
23 334 5193
492 16 6391
148 17 392
324 11 1941
3961 2 121
507 2 909
2187 2 2639
227 7 899
1929 1 1528
2263 2 3744
219 38 6787
2131 3 3917
1002 3 2684
8578 1 5178
2 1549 1283
3 653 1476
691 11 5810
687 5 2268
97 83 4380
1460 4 2832
876 4 2755
163 39 6199
11 173 1421
4821 2 1586
2953 2 4145
2503 3 5873
641 10 2105
239 35 6794
556 10 5173
53 107 3847
1511 2 1542
2 3824 4112
14 450 1273
205 21 3835
8 1151 4181
1565 2 2390
390 2 306
454 9 790
362 6 888
3 5 8
407 10 1138
67 47 2984
6 1445 4611
39 219 7507
280 10 2613
3 599 1499
554 9 3490
25 213 3041
1663 2 2776
403 22 5269
2 2874 3972
6 1052 6218
2 4933 2583
4205 2 8289
434 14 5755
85 91 4393
154 21 1828
12 232 366
102 29 2671
3 1126 2227
307 25 7049
2237 2 2032
115 74 6082
3997 2 1152
389 3 658
198 34 5377
459 7 1902
44 127 3574
75 85 5972
5 694 718
3128 3 5932
1315 4 3921
1741 4 849
2 677 1165
1043 1 10
77 121 5728
5 3 9
1070 9 7588
32 107 3362
571 4 1490
5 219 530
15 653 9133
2 146 189
487 20 8428
2 3862 7073
201 42 6772
14 311 3513
46 140 2697
24 413 8278
2938 1 2528
443 3 1282
2885 2 748
3329 3 8333
5 1048 3849
930 4 2208
52 155 4593
856 5 2235
341 28 7076
3 2868 6676
15 415 494
134 11 936
15 9 95
3 5 10
61 63 3093
397 23 8561
114 29 2982
5 967 2544
6 347 1205
4 701 1801
12 547 4359
3 5 14
1310 4 3684
282 2 281
98 14 789
9 95 754
4195 2 4353
9999 1 1
10000 1 10000
11 838 2989
59 16 263
83 35 2542
1 1038 433
3824 2 3419
7 1210 5181
758 9 6412
379 7 1135
17 477 7001
1159 3 3343
125 31 2715
2677 2 4451
2 1087 1924
75 21 795
11 717 1176
238 38 7993
788 10 6242
104 41 2539
3 367 689
2 4567 4800
808 5 3103
9 789 1990
3 2447 6150
2 336 536
4 3 12
5 3 1
23 269 4143
45 79 1856
19 173 2396
1 3747 2699
103 35 2987
124 46 4045
134 67 4787
2425 2 250
1097 9 1475
38 38 1121
1 1 0
244 40 9505
1109 9 7945
5 345 533
1 7778 4986
5 3 0
808 3 1745
674 13 8300
653 12 6106
1244 5 3965
790 5 828
395 7 1891
367 6 1361
2 269 330
9 518 4109
423 8 1807
9 1 6
2 79 114
3 5 7
212 31 3657
2 1966 3036
23 109 1883
121 59 518
18 86 1316
5 1873 5531
1 9999 5000
793 2 1486
127 66 8211
134 71 6181
11 827 7074
1413 5 5586
8 89 640
604 5 1646
564 4 667
1929 5 7366
25 43 552
2 2771 4642
47 172 3191
1657 2 2117
2903 2 3296
1 6166 3601
79 57 4175
1 1859 443
502 6 2587
4 86 285
11 503 2844
930 4 2335
2 503 538
3 5 5
10 239 1650
116 52 4098
21 98 607
7 941 4184
3 1836 4592
2 4861 7106
9 353 2207
14 113 918
140 49 6542
6 1372 4737
122 19 2199
1396 2 2343
4458 2 8082
164 4 589
2 15 14
41 131 2731
3 5 3
3 2661 646
151 57 5760
1399 7 9371
409 2 150
2 2661 1340
5 724 2276
2749 3 7488
2834 2 4907
32 253 4612
907 7 462
105 11 111
3 5 9
10 798 7245
23 181 3191
14 425 460
4 823 2921
1 3024 1777
251 24 5382
65 2 5
354 3 317
29 303 1033
56 21 1015
859 8 5588
2 218 298
431 15 3699
1726 2 2073
20 250 3345
5 1814 4449
25 317 5880
57 22 296
587 3 1069
5 3 8
543 8 3416
71 122 6725
1781 2 872
23 254 4791
3466 2 1997
17 163 2241
2622 2 3907
8 340 863
10 51 98
3025 2 4109
2999 3 4419
170 42 461
2223 2 2604
13 61 715
131 21 1942
1162 4 4432
303 13 2865
533 17 6409
24 32 745
226 16 2831
493 8 2043
4 692 1636
2659 2 4707
10 111 939
15 262 2165
2 3684 1564
3479 2 6627
443 5 1401
6 464 2656
2 3275 5679
3 81 80
329 28 4060
7 769 1378
32 48 351
4 1616 4599
81 38 3050
5 3 6
5 769 3545
257 7 1530
53 188 9445
16 194 2390
2561 3 5866
3 1984 5007
263 3 724
2 4970 7048
2609 1 1609
91 35 1797
11 31 124
10000 1 5000
9 989 8359
8 64 363
5 20 65
37 267 4882
2 2749 5441
266 29 7038
4 569 1594
57 24 798
1 10000 5000
2 2011 3723
4347 1 2723
1031 9 8861
39 39 1181
173 41 6497
13 313 2107
4 2281 9020
16 358 1595
5 187 60
3 3129 5215
2 4645 7833
158 40 4493
34 108 2323
667 11 637
3 454 1268
3 2203 4767
4 1178 4243
1893 1 1289
269 11 989
58 26 1109
59 159 9176
239 5 772
352 17 5382
1146 6 6175
8 965 7408
7 386 1539
535 9 658
23 11 2
1123 7 4448
5 451 1172
62 41 1753
23 411 8467
2034 2 2241
7 7 48
10 732 5848
141 18 1769
4687 2 7986
324 18 4085
3150 3 6711
29 43 1193
12 404 3091
374 10 2368
34 219 6694
1 7152 6963
9 760 4361
75 105 748
450 17 7321
1414 7 6652
4 984 3559
197 14 2132
29 17 240
53 137 5249
33 87 1053
4 1163 4016
113 35 2381
4479 2 7596
402 2 411
26 163 3322
227 9 1895
11 346 2577
7791 1 7299
2 979 270
2 4714 6043
7394 1 5821
110 77 6013
59 158 4684
46 101 3921
693 7 4103
23 315 4028
1 591 154
3 5 11
21 152 3096
100 100 1
61 24 1189
994 7 841
2 771 191
6 69 257
275 8 1520
14 449 3296
2 1507 2755
4 1011 2138
23 214 4527
1426 6 7752
47 25 1057
109 3 210
3235 3 9188
5 269 809
23 31 450
3261 3 7154
951 5 1601
143 36 3665
5 3 14
349 20 6047
1 3737 3341
9 559 3938
4 741 124
6 948 3327
2441 2 4258
439 7 1056
2447 3 4417
967 4 2300
3066 3 1851
4 191 461
4668 2 7715
2468 3 4082
10 164 1088
7 1103 6316
97 7 173
142 4 503
557 8 3299
1014 9 8687
2 2726 5141
67 5 261
8 329 1843
86 39 2789
1160 4 2603
190 37 6547
3 5 0
2 1081 1322
59 85 4020
25 346 3891
6 1097 4649
14 654 7648
7 1390 9068
64 10 596
4 2090 3025
8 603 2995
3 1959 4508
181 17 767
5 543 2099
2 1954 3657
3 2683 7961
23 76 1451
9999 1 9999
3 5 4
53 178 4987
383 11 4169
394 17 5011
9 1007 5188
2036 2 3284
2851 2 5273
1772 2 2738
31 58 1205
1363 4 5228
19 62 1163
40 97 3873
5899 1 2680
1747 4 4002
5 409 1202
3 671 930
823 5 2177
117 47 3593
2 4637 8388
5 893 1199
628 4 2396
1823 2 2788
223 37 3626
395 23 7488
100 100 0
1675 2 1707
28 223 3742
2267 3 5386
1 9085 6504
674 12 7857
385 24 8527
3059 2 3389
2 4082 781
32 212 5556
17 133 1601
5 3 15
1849 3 5448
2 3623 5177
1 9999 4999
3031 3 7984
8980 1 8807
28 353 8586
93 7 76
86 68 2348
1 9524 1270
317 13 1160
4627 2 8710
29 107 2938
160 56 4973
2 1646 2279
6757 1 2653
58 67 2865
1409 2 136
2460 4 9710
179 49 6933
5 1922 257
100 100 5000
2 4208 879
258 3 692
8 165 1267
353 27 5951
2 1507 1753
43 196 1814
86 82 3869
577 1 175
844 8 5769
63 24 457
31 229 5435
17 394 5207
378 7 1733
68 41 1953
6 896 2823
288 15 439
2 79 83
3927 2 6613
2 3261 5622
7 1115 5067
22 427 3002
426 15 4835
1 9203 3078
7 47 296
870 3 2252
411 20 4694
87 73 401
271 5 1297
4556 2 9097
23 79 964
243 34 6024
2 2503 3855
2 4461 8331
165 42 3523
121 29 1843
104 4 225
1713 4 6114
2987 2 4303
2758 2 5274
1127 3 2880
645 3 1783
43 134 5512
11 831 6897
6 244 662
45 193 7407
3157 3 9349
16 124 1878
2 2332 760
249 5 1134
1 10000 1
6 907 4254
43 17 496
1967 5 5965
10 806 7763
1823 3 613
9999 1 4998
91 107 7791
4667 1 2733
204 47 5337
18 250 3208
3 109 11
1 4556 3503
1 1 1
2621 3 4147
33 37 1171
31 115 2031
578 7 3434
54 12 585
1787 4 6827
303 6 1737
422 22 8140
7 902 2265
6 422 1604
63 155 8844
1986 3 5162
3536 1 2738
4000 2 5271
79 113 7522
1 9999 1
3 2901 2709
1 10000 5001
202 22 2094
2993 1 1710
1 10000 4999
3 2320 5706
3 2059 4204
25 259 5325
881 8 4332
3 533 620
113 83 276
2 1303 722
211 3 336
65 130 6108
37 251 7184
163 56 8582
3 5 12
818 9 1113
631 11 4530
3 2600 4910
479 19 7593
1414 6 1840
334 9 2572
1689 2 2178
37 184 6478
1433 3 3029
1144 4 3165
3 2428 1338
11 232 1422
5 1834 4796
3 5 1
668 9 5518
31 131 192
2 4247 2793
77 54 2331
691 14 8070
125 56 1634
1 7932 5387
14 363 3136
134 14 1494
55 167 6103
2143 2 2853
3043 3 6331
6 288 211
25 389 6473
249 23 4334
11 244 2443
54 25 1315
5 1213 4544
35 65 2177
3877 2 1062
2 2174 4257
4944 1 4576
5 991 2656
25 11 50
73 131 1236
17 281 1425
806 8 4661
13 133 697
11 405 3230
73 25 1572
4412 2 7197
3 1401 2942
6 122 459
6 1049 5901
658 7 3771
16 246 3399
1 463 446
197 47 1149
73 115 4250
467 17 4613
1 9529 942
5 3 13
3 2738 3660
2 3226 5452
1675 3 360
2 2081 3025
2 1375 696
2 2837 3058
8 509 278
1 9999 0
11 166 1557
2 1210 2169
5 1243 6066
1 8601 6897
9117 1 2495
203 17 427
9 1056 5876
283 11 1765
3 5 6
71 37 1614
130 43 3587
2 199 199
5 3 2
1977 2 2817
3786 2 6410
3419 2 5277
491 9 1726
183 37 2334
2382 2 2641
5431 1 5347
40 57 1416
9 787 4808
1543 4 5651
393 21 6855
2 163 236
5 1803 7297
7 1086 4037
27 53 1227
5 3 5
25 314 7038
4 1777 1731
205 35 3856
11 101 111
43 188 5267
95 17 1016
59 148 3983
154 29 2064
11 389 2522
100 100 4999
391 6 1313
43 10 360
278 22 5718
13 263 2633
164 11 1754
809 4 2571
2337 3 1379
2722 3 7391
102 9 94
674 7 4543
10 881 5974
11 344 571
345 8 1778
1454 4 2330
1157 4 4399
11 131 1008
2 2706 4661
619 9 4431
904 8 4879
3 409 1099
10000 1 5001
6 147 869
1515 5 4743
853 2 1699
4666 2 6827
2 3242 5472
125 10 599
2 2941 4773
53 11 393
3 926 2660
59 78 4041
1117 4 224
108 17 1814
17 236 3149
907 8 2957
79 107 5234
1088 3 2268
3 758 1428
16 461 4370
3 1310 3884
4423 2 7056
9 553 515
12 233 1843
62 74 2557
607 13 7011
293 6 1437
835 9 3470
18 384 5887
1974 3 4901
4 1486 4609
3 2264 6076
13 68 793
1 9911 2800
10 637 4958
1231 4 4180
34 147 4100
4257 2 7756
3 5 13
1601 5 4102
766 11 7244
2083 2 3231
71 83 3858
5 563 2005
2202 2 2159
17 224 3265
5 3 10
983 10 9135
771 3 1742
777 2 1200
2467 2 1657
6 1445 4958
527 7 2349
4 244 522
2 151 189
3 2681 3418
535 4 1378
7 16 76
59 65 2887
421 5 84
48 82 2047
443 13 4305
418 19 1432
1132 5 4708
2 1657 1897
7 1004 5976
100 100 5001
16 509 6750
10 320 2827
208 5 643
22 261 2876
469 2 81
4 1816 4344
613 7 4016
9999 1 5000
409 17 6155
344 23 5675
3163 2 5576
1042 8 5724
139 23 2950
317 12 2721
4 1321 4471
41 82 2748
1 2004 1833
9999 1 4999
5 3 12
508 7 2233
1244 7 7481
23 9 170
1 1042 737
3166 2 4466
3 2118 594
4 612 1316
3 5 15
192 32 6084
681 9 1126
9588 1 5018
2 2371 3967
2505 2 3022
4 521 1033
9115 1 6303
50 5 127
