100
2 3 0
3 2 0
3 5 15
16 1 0
5 3 15
4 2 7
15 1 1
1 16 7
7 2 9
4 4 8
3 3 5
2 4 5
5 3 0
5 3 7
5 3 8
6 2 7
15 1 8
16 1 1
1 16 16
16 1 8
5 3 12
4 4 9
15 1 7
5 2 5
4 4 16
4 4 0
1 16 0
4 2 2
9 1 6
1 15 15
1 6 0
3 5 10
3 5 4
15 1 0
5 3 13
16 1 16
6 2 8
1 15 8
3 5 11
5 3 6
1 6 1
1 15 0
3 2 3
1 9 8
3 5 0
5 3 9
2 4 3
5 3 11
4 4 7
2 2 2
2 2 0
9 1 5
5 3 14
3 5 7
5 3 10
1 15 6
5 2 6
7 2 13
3 5 1
5 3 2
3 5 2
16 1 9
5 2 9
1 15 1
3 5 8
2 8 10
3 5 3
2 3 1
4 4 1
1 1 0
1 1 1
1 16 9
16 1 7
3 5 5
15 1 15
3 1 0
4 3 12
4 2 5
1 16 8
5 2 2
15 1 6
5 3 5
5 3 4
3 5 12
3 5 6
2 2 3
1 16 1
6 2 11
1 15 7
3 5 9
2 7 11
1 9 6
2 8 5
3 5 13
5 3 1
5 3 3
3 4 12
6 2 3
4 3 8
3 5 14
