100
2 8 8
2 8 16
16 1 9
5 3 1
3 5 5
15 1 15
1 9 6
5 3 3
3 5 9
1 1 1
4 4 16
4 3 9
15 1 8
3 5 15
3 5 11
15 1 7
1 9 8
15 1 1
15 1 6
1 15 1
5 3 10
1 15 15
3 4 0
2 2 4
2 3 5
3 5 14
2 2 2
3 4 11
16 1 1
3 3 7
16 1 16
5 3 8
1 16 0
5 3 9
4 4 1
4 3 12
1 15 6
1 16 7
15 1 0
8 2 15
16 1 7
2 2 1
1 16 8
7 2 14
3 5 8
5 2 8
5 3 6
16 1 8
4 2 7
1 10 10
3 4 12
7 2 4
7 2 13
1 10 7
13 1 11
6 2 9
1 15 0
4 4 9
3 5 1
1 15 7
2 4 6
3 3 8
1 16 1
2 5 8
1 16 16
1 15 8
5 3 13
3 5 7
3 5 3
2 4 2
3 5 13
9 1 6
6 2 12
5 3 11
5 3 14
5 3 12
5 3 15
2 2 3
3 5 6
5 3 4
1 16 9
5 3 2
1 1 0
7 2 12
5 3 5
4 4 0
5 3 7
4 3 6
3 5 4
4 4 8
3 5 10
1 3 3
3 5 0
4 4 7
2 7 9
5 3 0
3 5 12
3 5 2
16 1 0
2 6 12
