100
9 1 8
5 3 11
16 1 9
1 16 8
4 4 16
5 3 7
5 3 6
3 2 2
4 3 6
5 2 10
3 5 11
3 5 12
5 3 10
3 5 15
5 3 2
8 2 14
3 5 13
15 1 0
16 1 8
15 1 6
2 5 1
3 5 3
3 2 5
3 5 1
1 16 0
7 2 9
2 2 3
4 4 1
3 3 0
5 3 0
15 1 15
3 2 3
1 2 2
5 3 4
1 9 6
1 16 9
1 16 16
3 5 9
1 15 8
9 1 6
1 16 7
16 1 7
2 5 10
5 3 9
5 3 13
3 5 2
3 3 6
2 7 13
4 4 8
7 1 4
3 5 7
5 3 3
3 3 4
4 3 12
15 1 1
5 2 8
5 3 15
3 3 9
16 1 0
5 3 1
4 4 0
8 2 10
2 5 8
1 15 15
5 3 5
4 2 2
1 15 1
2 3 4
1 8 4
3 3 7
1 16 1
3 4 12
3 5 5
5 3 8
5 3 14
4 4 12
15 1 7
16 1 1
3 5 14
1 15 0
3 5 0
3 5 8
6 2 8
2 5 6
9 1 4
1 1 1
15 1 8
3 5 10
2 2 4
3 5 4
4 4 9
5 3 12
1 15 6
1 15 7
5 2 0
3 5 6
4 4 7
1 1 0
4 2 0
16 1 16
