17875
1
1552661
41
375
7
2211
41
1254
25
1
1552661
242250
2211
124202
582
94146
1
6006
957
1
1
242250
1507
7
478686
231
91
2211
37
9373
154
1507
957
1
7
3367
91
32318
136136
182
4
2
336
56134
336
25
1998724
3
246
190893
14196
16
371450
1
336
1
1925
260338
218348
957
1
32318
1507
41
1
17875
124202
124202
89148
1
957
1
850136
371450
1849498
35750
5
8437
1
1
58956
2
1
124202
550
999362
17875
2
3196
22
14443
1
1254
68068
260338
14196
58956
3
1
550
1
260338
68068
68068
3848222
22
14196
50
89148
2211
613700
1
25
371450
1
11
850136
1
182
14443
14196
3
23816
154
25
32318
92
1
14
92
564927
957
3313334
2
14443
9438
154
298
375
50
92
999362
9438
56134
182
1
672
37
478686
3
32318
231
136136
999362
3848222
1
11
1507
999362
374034
1
4719
246
32318
371450
371450
41
1463836
1507
2288
3848222
999362
850136
1079
68068
520676
260338
1
5
1
4719
124202
2508
50
2500
2
375
154
371450
9438
68068
582
91
1
1254
336
1
1
23816
7
35750
25
14196
131784
25
63
1463836
4
38012
50
260338
8437
41
2
11
1
35750
56134
190893
7
6006
23816
124202
2
11
23816
8437
3367
1
1
375
672
22
22
1
1
242250
3367
136136
50
3313334
1
987734
25
3848222
1849498
4719
2211
5
1
1
7
11
14
478686
23816
478686
1849498
14
218348
1
336
4
260338
260338
2288
957
38012
1
1463836
63
6748
41
1
2288
25
1507
154
1849498
2
478686
17875
11
9373
377
14443
2
1925
781
2
260338
469
136136
242250
1
2
3367
781
1507
3
59109
8437
25
1507
4719
154
1
298
1
7
7
6
1552661
478686
2211
22
50
781
336
14196
41
2
1463836
1849498
63
1254
1
6
129
957
41
14443
2
23816
478686
3
25
68068
1
124202
271491
89148
1
16
1
22
17875
154
32318
8437
22
153102
231
41
375
1
957
2451570
7
136136
4
25
1254
12444
1
23816
2508
1
154
1
38012
6
182
1254
999362
11
4719
377
91
17875
260338
1
50
91
124202
14196
32318
1463836
154
1463836
6006
2211
672
91
218348
1849498
957
2
56134
1
1
63
582
92
11
91
20944
1079
11
336
2211
218348
1849498
850136
11
92
582
56
154
68068
182
50
3367
91
478686
1
16
3848222
5
9438
1254
1
672
218348
987734
5
25
1
371450
2
1254
478686
2288
32318
3848222
9248
14
25
3367
3196
9438
1
2
14
9438
1254
129
3718
850136
131784
3848222
336
1
41
1507
4
4
371450
154
22
56134
2211
2
1
6006
260338
50
91
4
56134
218348
613700
14196
550
182
850136
94146
1998724
957
2211
613700
153102
7
68068
2
246
582
1
9438
14196
3
1254
92
59109
7
4719
25
38012
850136
6006
1254
850136
153102
781
1
16
2288
1463836
371450
999362
8437
91
2211
672
371450
1
190893
4719
246
374034
11
478686
260338
2211
129
25
2
3
63
1254
14
20944
582
6
22
371450
25
260338
6748
375
1
999362
11
129
7
271491
1
371450
56134
1
4719
1552661
124202
781
38012
25
1507
582
14443
12444
92
781
131784
2
4
1
1463836
41
2211
1456
14
2
2288
32318
9
999362
16
1507
2
4719
999362
3
7
4823
371450
14443
41
957
4823
246
14443
999362
3367
246
2
7
371450
124202
22
336
154
218348
4
25
2
336
3
16
182
8437
6748
41
35750
6748
1
4719
3718
11
3848222
1
4719
3313334
672
550
7
25
91
3313334
246
336
68068
14196
7
9373
582
1
22
4719
3848222
1
91
14
153102
25
3
478686
14443
957
1
374034
9438
22
2
7
68068
41
7
25
91
2451570
1
2211
7
11
136136
22
35750
246
2
3
94146
242250
4
7
91
41
50
182
246
1
987734
2288
29
336
5
14443
25
1
50
1
478686
4
1
260338
37
59109
3718
41
35750
8437
1849498
2
91
375
478686
2451570
3718
1
38012
375
14
1
850136
2
1849498
35750
14
4
14
94146
336
2
29
14
9248
2508
14196
14443
91
3718
11
38012
4
246
16
1
63
92
14443
2211
2
190893
3
22
91
242250
89148
371450
999362
6
6006
190893
2211
9438
153102
1
6006
129
4
4
375
68068
478686
1
92
35750
1507
25
2211
1
1
4
1552661
298
68068
6748
7
1
7
999362
2211
3313334
25
154
836418
8437
91
1254
154
131784
20944
2
4
2
4
91
231
8437
124202
25
550
182
56134
1998724
9373
175
999362
1
11
11
190893
3848222
2
2
2288
41
260338
613700
136136
25
613700
218348
2288
56
129
3718
4719
58956
41
1
16
3
1
56134
336
182
1
1998724
8437
56134
1254
2508
1
124202
32318
182
25
22
1
1
91
582
9438
9373
1
1
37
3
550
2508
3
14
3848222
1
2500
14196
1
2508
153102
6006
17875
63
1254
3313334
10
1
29
136136
32318
478686
154
520676
14196
182
520676
246
11
336
4719
2
1
8
957
564927
58956
25
2211
1
25
25
375
1
246
14196
2211
4823
25
1
1552661
1507
1
1
2
5
4719
1
129
1849498
68068
2211
11
3848222
9373
2
56134
3313334
4029
153102
80598
137
4
4719
32318
1
582
246
1
4719
260338
2211
11
20944
218348
14443
22
1
218348
9
2288
3718
22
957
336
58956
1
3367
94146
68068
7
1
260338
153102
1849498
50
17875
14196
3
4719
32318
32318
2288
25
371450
3
336
1
4
5
11
4
2508
25
520676
11
2451570
68068
56134
336
1
