100
1 1 1 1 1
10 17 1 7 1
2 100 100 200 1
20 17 3 23 100
10 999999 999999 1000000 1000000
2 1 1 1 1
3 1 99 100 1
999999 1000000 999999 1000000 1000000
9 10 25 30 25
5 443801 477717 999983 496455
7 982985 721508 210202 535496
5 14 11 8 16
1 787230 344408 252317 657340
4 27 21 23 29
4 27 9 13 13
46116 87824 271168 999983 295589
5 10 25 6 26
2 570624 748087 1000000 858253
44 801259 807455 999983 206050
1000 9999 500 10000 1
9 17 4 9 7
9 2 15 25 29
9 27 13 28 14
8 16 24 21 12
4 5 26 9 8
537 498466 758111 999983 999334
13 482184 888671 166524 960477
5 3 17 4 28
9 16 10 20 4
217736 258596 219756 1000000 959237
4 509407 849506 623007 754714
9 75921 921967 183227 467764
1000000 460388 755861 700437 562854
1590 427471 889680 999983 727919
10 11 12 14 26
7 27 4 7 1
562 681240 241663 185230 867797
10 277602 94618 52200 670070
8 13 16 30 25
3 500000 500000 1000000 1
5 837780 252281 365990 642988
4 10 2 21 1
5 12 19 28 25
10 2 17 29 25
7 887612 182723 245203 743389
1 211982 105578 1000000 900995
1000000 483270 167574 1000000 679191
999999 3 5 3 6
8 7 7 20 1
10 593303 68967 1000000 387149
5 7 3 20 1
7 18 1 15 16
6 2 6 24 17
5 19 24 6 4
1000000 893113 209951 1000000 541415
1000000 608967 541412 150925 437653
2 729597 739839 942213 183875
6 702968 688287 658971 793483
153287 58074 760568 1000000 465411
1000000 169507 727339 999983 177434
10 28 5 19 21
1000000 834365 907679 1000000 116286
100000 999999 50000 1000000 1
8 399888 670373 999983 827221
5 287292 931138 409395 887549
5 873 91806 101934 779263
7 5 7 21 11
7 7 15 9 13
1 1 1 1 1
4 15 9 23 27
7 4 27 14 8
5 18 21 8 9
21383 782432 166216 331 840316
4 10 18 6 7
10 17 13 14 19
10 3 5 8 25
9 427472 944131 81768 338948
4 16 29 25 5
10 273853 607533 80774 69215
1000000 588897 761693 999983 126508
6 15494 782219 931221 555012
4 11 11 21 1
4 20 23 5 11
333 57547 83568 1000000 242751
6 582346 238342 33061 349155
6 8 6 20 23
29986 272935 336484 674164 534923
4 13 16 9 12
9 22 12 16 10
1000000 619924 672496 590889 753779
7 322654 660453 780268 24084
9 8 19 15 29
9 708905 839985 136961 786939
1000000 742612 684708 999983 48302
4 10 21 28 28
4 506464 883392 572447 393902
5 26 13 12 18
8 152846 966907 252796 970124
7 13 24 18 5
2 488135 113106 1000000 351526
