99
1 1 1 1 1
10 17 1 7 1
2 100 100 200 1
20 17 3 23 100
10 999999 999999 1000000 1000000
2 1 1 1 1
3 1 99 100 1
4 10 2 21 1
4 137080 488060 456543 518009
1000 574634 692121 656275 508445
4 11 11 21 1
6 863392 566530 313609 716942
8 14 7 8 11
4 6 2 19 29
4 17 20 23 2
7 30 4 6 28
1000 233867 423235 1000000 733907
7 28 1 9 27
1 56041 843387 999983 690561
5 10 20 8 10
81 124031 430391 1000000 746703
7 13 5 22 27
8 756705 346359 905751 666279
8 1 19 6 27
7 27 16 29 19
1000 178362 942393 999983 130840
6 17 23 21 29
7 5 23 28 24
10 315190 941928 157677 839387
4 2 18 19 11
6 11 26 5 1
10 24 6 7 6
6 19 10 19 19
5 28 1 29 18
23 847070 924704 628474 314442
6 437065 630600 755696 844404
5 482083 146451 995230 994024
7 29 12 9 21
1000 683226 992371 999983 396692
6 20 3 29 9
5 4 14 4 30
4 11 13 19 22
292 719670 975005 667407 74465
10 6 25 12 8
9 319585 27034 577727 519990
8 24 20 24 18
176 341450 676129 1000000 409733
203 647809 169617 361843 853199
8 480015 545339 372501 873561
1 1 1 1 1
155 412666 562664 1000000 78199
674 659089 489382 999983 866228
4 438905 959452 581002 778133
7 2 3 5 8
10 960870 283244 784996 293890
1000 397883 830848 1000000 707961
3 38888 223541 999983 178527
5 833976 370985 999983 736038
8 20 30 28 25
176 621468 408229 869093 731803
5 9 20 7 3
10 388561 666981 170312 953455
6 21 8 25 3
6 54759 464633 353487 876280
3 206212 490018 1000000 482223
2 250728 883111 387562 795791
1 321420 344404 1000000 376451
4 2 22 4 27
1 126335 335737 1000000 257098
1000 869891 861709 999983 300541
7 2 18 28 2
6 67136 349257 999983 934378
999 3 5 3 6
5 6 8 25 2
10 28 28 23 22
1000 789080 900526 982324 912777
10 244177 684544 253304 698839
4 20 27 21 6
7 28 23 14 3
4 26 6 26 12
3 500000 500000 1000000 1
7 283838 407058 410497 825559
45 64540 103395 1000000 574087
10 26 1 13 13
6 3 19 5 17
7 442726 90103 896678 374067
1000 9999 500 10000 1
1000 380983 630904 1000000 773371
488 675326 394589 999983 772404
1000 516180 747774 869496 297055
10 13 30 25 24
5 837780 252281 365990 642988
458 236994 744888 143123 67826
5 18 25 14 26
7 6 10 12 30
6 967306 87274 840770 336707
3 946187 455964 999983 670676
9 27 15 22 10
5 379544 662127 670448 869830
