100
73 27 754
4 1 2
1 5 2
4 3 5
512 512 257
4 1 1
800 288 512
2 4 2
513 513 1
900 818 831
600 243 215
809 549 708
307 686 209
385 898 331
7 8 5
979 283 196
1 1 1
163 957 81
108 492 86
638 7 7
5 1 1
91 802 84
654 960 402
35 313 585
103 143 88
872 176 7
513 513 512
5 1 2
170 67 1
1 1 1000
905 462 780
54 113 45
515 868 123
1000 1000 1
913 772 978
541 544 48
3 5 3
858 57 532
555 447 539
4 4 4
519 891 312
519 67 20
955 977 824
3 4 2
336 885 896
564 851 252
925 462 81
557 316 198
160 557 126
936 128 461
200 427 813
678 911 225
3 221 428
52 552 103
513 513 256
689 229 218
4 5 2
491 747 202
436 623 541
3 5 3
417 567 513
310 6 2
579 864 30
993 529 778
219 28 787
5 4 5
536 658 139
210 453 356
157 114 9
829 571 727
512 512 2
4 3 3
632 333 99
637 705 238
890 788 473
821 44 60
1 1 1
512 512 513
816 506 15
691 360 852
513 513 257
191 199 145
899 518 823
512 512 1
5 3 2
2 3 2
78 361 45
18 928 12
4 2 4
2 2 1
45 56 35
5 2 5
233 632 11
3 5 3
513 513 2
512 512 256
693 255 867
572 79 807
3 2 2
358 825 56
