100
4 4
40262
70339
82218
43709
2 4
1 2
2 3
1 3
6 6
10001
10002
10003
10004
10005
10006
1 2
1 6
2 3
2 4
3 5
4 5
7 9
29933
83872
38222
10213
10496
86083
98933
1 2
1 3
2 4
1 4
1 7
5 6
2 5
4 5
4 6
3 2
10001
20000
10000
1 2
2 3
4 4
39772
85151
93288
51837
1 4
3 4
1 2
1 3
4 3
10001
10002
10003
10004
1 2
1 3
2 4
7 18
46084
54122
40878
96727
73546
34913
93985
3 6
1 7
5 7
2 4
2 6
3 5
1 3
2 7
1 2
1 5
1 6
4 6
2 5
4 5
6 7
2 3
1 4
4 7
7 16
92083
70060
12510
75588
70356
48331
83570
5 6
3 5
1 2
3 4
2 5
2 6
2 7
1 3
4 5
6 7
1 5
1 6
2 3
4 6
1 7
3 7
6 12
25233
60831
87360
77472
33674
80303
1 6
4 6
3 6
2 5
1 5
2 3
1 2
1 4
3 5
3 4
4 5
2 4
7 19
77349
22026
29886
72599
57364
22739
42703
4 5
1 2
1 3
3 4
3 7
4 7
1 4
6 7
3 6
2 5
1 6
4 6
2 4
2 6
5 7
3 5
2 3
1 5
1 7
6 11
28009
28253
59836
28119
56330
24334
5 6
3 5
1 5
2 5
4 5
1 6
1 2
2 4
2 3
3 4
3 6
4 5
53144
63692
20410
28179
2 3
1 3
2 4
3 4
1 2
8 17
15647
18261
26536
87851
87534
14650
76083
73155
1 3
2 3
1 2
5 7
4 7
1 6
3 4
3 7
7 8
3 6
2 7
1 4
2 5
2 6
5 8
6 7
3 5
3 2
96132
84056
95202
2 3
1 2
2 1
70719
11239
1 2
8 12
85329
75614
26786
72653
15998
34425
52907
31897
1 4
5 8
6 8
5 6
2 3
2 4
1 2
4 6
3 6
2 6
4 7
3 5
3 2
60520
47919
22230
1 2
2 3
1 0
41692
3 2
39333
35411
65113
1 2
1 3
6 13
38378
11435
75036
31568
46783
89856
3 5
1 2
2 5
4 6
2 4
5 6
2 3
2 6
1 6
3 4
4 5
1 5
3 6
6 14
42757
67713
38871
95373
85244
19161
1 4
1 5
5 6
4 5
1 3
2 6
1 2
3 6
2 3
3 4
2 5
3 5
2 4
1 6
3 2
35589
86247
49326
1 3
1 2
2 1
24270
70104
1 2
2 1
10001
10002
1 2
8 27
37459
70253
20918
57732
92150
19873
75321
89183
2 3
7 8
4 5
1 4
5 7
1 5
6 7
2 8
4 6
1 2
1 8
4 8
2 5
3 4
5 8
3 6
3 7
5 6
3 8
2 6
6 8
1 6
1 3
3 5
1 7
4 7
2 7
4 3
36633
34981
69281
11964
1 3
3 4
1 2
6 5
10001
10002
10003
10004
10005
10006
1 5
1 2
2 3
2 6
4 6
7 16
64744
56561
53801
49786
55451
58112
95950
3 6
4 5
3 7
1 2
4 6
4 7
2 6
2 5
1 3
6 7
3 5
2 3
1 7
1 4
1 5
5 6
2 1
93301
24143
1 2
5 5
22953
13988
28320
79585
35169
2 3
2 5
2 4
1 2
4 5
2 1
94271
39124
1 2
6 7
10001
10002
10003
10004
10005
10006
1 2
2 3
1 4
4 5
3 5
3 6
2 6
7 13
52721
91257
69276
52600
35559
53555
23566
4 6
2 5
1 2
1 4
1 7
2 3
1 6
5 6
4 5
3 7
4 7
6 7
3 4
1 0
25421
5 5
20863
55408
54458
64983
39820
1 2
2 5
3 4
3 5
2 3
5 4
36642
28444
50012
29651
10953
1 4
2 3
2 5
4 5
6 14
97667
76138
93646
41743
73055
78269
4 5
3 5
2 4
3 4
1 2
3 6
2 6
1 6
2 3
5 6
1 4
2 5
1 5
4 6
3 2
83266
47765
51705
1 2
2 3
6 9
91094
46071
90419
99596
54382
74832
4 5
5 6
3 4
1 4
3 6
2 5
1 2
2 3
3 5
5 5
36642
28444
50012
29651
10953
1 2
1 4
2 3
2 5
4 5
5 8
69501
41355
63645
20804
33271
2 3
3 5
1 2
3 4
1 3
4 5
2 4
2 5
4 3
86665
12841
12801
41416
1 2
2 4
2 3
4 4
20001
31958
72501
22639
1 2
2 3
3 4
1 4
1 0
10001
3 2
90065
44738
93197
1 3
1 2
6 14
86230
50422
94392
80421
96394
45848
4 5
1 4
1 2
1 6
2 6
5 6
4 6
3 5
2 5
3 4
3 6
1 3
2 4
1 5
8 18
56624
24427
33887
48653
38989
58094
26391
34458
7 8
3 4
4 8
5 7
2 4
1 7
3 5
1 2
4 6
3 6
1 5
1 4
2 6
2 3
4 5
6 7
5 8
1 6
1 0
97425
7 8
41531
15012
12751
96716
91946
78166
91927
2 7
1 3
2 4
1 4
1 5
1 2
4 5
4 6
6 14
52872
54086
66958
31347
84148
57399
1 6
1 2
1 5
1 4
4 6
1 3
3 5
2 6
2 5
2 3
4 5
3 4
3 6
2 4
4 5
44990
35159
10771
85169
2 4
1 4
2 3
1 3
1 2
7 19
49185
13279
55310
68858
79045
98260
32431
1 2
1 5
4 6
2 4
2 3
1 4
5 7
3 6
6 7
4 5
1 6
2 7
1 7
1 3
3 4
5 6
4 7
2 5
3 5
2 1
37262
26657
1 2
7 15
60018
54993
50828
27170
47745
27108
84565
1 2
1 7
1 5
2 3
3 6
5 7
6 7
1 3
2 7
5 6
4 5
4 6
1 6
1 4
3 5
5 6
45992
15644
40447
31954
15753
2 4
1 3
2 3
1 2
3 5
1 4
6 14
58297
92899
50078
16235
78531
45642
2 6
2 4
4 6
4 5
1 3
1 2
5 6
1 5
3 6
2 3
1 4
1 6
3 5
2 5
8 13
10001
10002
10003
10004
10005
10006
10007
10008
1 3
1 5
1 7
3 5
3 7
5 7
2 4
2 6
2 8
4 6
4 8
6 8
3 4
1 0
40130
8 28
10001
10002
10003
10004
10005
10006
10007
10008
1 2
1 3
1 4
1 5
1 6
1 7
1 8
2 3
2 4
2 5
2 6
2 7
2 8
3 4
3 5
3 6
3 7
3 8
4 5
4 6
4 7
4 8
5 6
5 7
5 8
6 7
6 8
7 8
5 6
45033
40093
37985
34740
65145
2 3
4 5
1 5
1 4
1 2
2 4
4 4
54878
89158
14942
87479
1 2
1 3
3 4
1 4
5 4
10001
10002
10003
10004
10005
1 4
1 3
3 5
2 5
2 1
67349
77517
1 2
6 6
10001
10002
10003
10004
10005
10006
1 2
2 3
1 4
4 5
3 5
3 6
1 0
51395
5 6
38576
51495
39521
46345
14433
1 5
4 5
2 4
1 3
3 4
1 2
4 5
56364
94560
29990
97535
2 4
1 4
1 3
1 2
3 4
2 1
45263
49079
1 2
4 5
59485
39907
25345
67645
1 4
2 3
1 3
1 2
3 4
3 2
86958
64226
48155
2 3
1 2
5 8
93964
20657
61352
98495
30690
2 5
4 5
2 4
3 5
1 2
1 5
2 3
3 4
5 5
26949
74581
84454
71220
93163
1 3
2 5
1 2
1 4
2 3
4 5
41687
48134
52737
77676
2 3
1 3
1 4
1 2
2 4
7 13
38955
42361
29649
33516
68703
27184
92511
2 3
5 7
1 4
1 2
2 7
3 4
1 6
6 7
2 4
1 3
3 6
4 5
1 5
7 14
18434
95545
89001
42415
89694
10855
37789
2 6
1 5
2 5
6 7
3 5
5 6
3 7
1 3
2 4
1 6
1 2
3 4
5 7
4 5
2 1
67175
70048
1 2
2 1
55106
84247
1 2
1 0
27740
8 9
10001
10002
10003
10004
10005
10006
10007
10008
1 3
3 5
5 7
1 7
2 4
4 6
6 8
2 8
3 4
4 3
65575
28138
88533
44750
2 3
1 2
2 4
2 1
58709
28513
1 2
7 13
32593
13660
60239
81971
17129
43876
67327
2 4
4 7
2 3
5 6
1 7
2 5
3 4
1 5
6 7
3 5
1 3
1 2
5 7
5 8
34377
97456
62429
50781
38474
1 3
2 3
1 5
2 5
3 4
1 2
3 5
1 4
5 7
13221
49481
99755
81361
35511
1 2
4 5
2 5
2 4
1 3
3 5
1 5
6 11
43417
20426
26562
73040
13001
66986
1 4
1 2
3 4
2 5
1 6
5 6
1 3
2 4
4 5
3 6
4 6
3 2
25532
29410
25570
1 2
1 3
1 0
25527
4 5
18567
11351
61062
26778
2 3
1 2
1 4
2 4
3 4
3 2
24928
41138
61968
1 2
2 3
1 0
94367
7 11
57897
57231
52952
11691
70184
63293
36363
1 3
5 6
3 6
2 3
3 4
6 7
2 7
1 5
1 4
1 2
3 5
2 1
26589
43141
1 2
5 9
64527
45296
40815
99561
81741
1 3
3 5
2 5
4 5
1 4
1 5
2 4
1 2
2 3
5 4
74876
80103
92689
61187
95022
1 5
2 3
1 2
1 4
7 19
53288
92002
95781
44656
26150
62416
97360
3 5
3 6
2 7
4 5
2 4
4 7
4 6
2 3
1 2
6 7
1 5
1 4
1 3
3 4
1 6
2 6
5 6
3 7
2 5
5 6
10001
10002
10003
10004
10005
1 2
2 5
3 5
1 3
1 4
2 4
7 9
65911
84111
14687
47456
48074
18157
95233
3 6
3 4
1 3
1 2
2 4
2 3
3 7
4 5
1 4
1 0
56396
8 13
92593
48112
61592
92930
79163
17325
65180
32699
4 6
4 8
3 6
1 7
2 7
2 6
1 2
3 5
2 8
7 8
2 4
3 4
1 3
4 4
10001
10002
10003
10004
1 2
1 3
2 4
3 4
