100
3 3
2 1 2
1 1 1
2 1 2
5 5
2 2 2 2 2
2 1 1 1 2
2 1 2 1 2
2 1 1 1 2
2 2 2 2 2
5 3
2 2 2
2 2 2
2 2 2
2 2 2
2 1 2
7 7
2 1 2 1 1 2 1
2 2 1 2 2 2 1
2 2 2 2 2 1 2
2 2 2 2 1 2 2
1 2 1 2 2 2 1
2 1 2 2 1 1 1
2 2 2 2 2 1 1
10 10
1 1 1 1 1 1 1 1 1 1
1 1 1 1 1 1 1 1 1 1
1 1 1 1 1 2 1 1 1 1
1 1 1 1 1 1 1 1 1 1
1 1 1 1 1 1 1 1 1 1
1 1 1 1 1 1 1 1 1 1
1 1 1 1 1 1 1 1 1 1
1 1 1 1 1 1 1 1 1 1
1 1 1 1 1 1 1 1 1 2
1 1 1 1 1 1 1 1 1 1
5 3
2 1 2
2 2 1
2 2 2
2 1 2
1 2 1
2 3
2 1 1
2 2 2
7 1
1
1
1
1
1
1
1
9 7
2 2 2 2 2 2 2
2 2 2 1 2 2 2
2 2 2 1 2 2 2
2 2 2 1 2 2 2
2 2 2 2 2 2 2
2 2 2 1 2 2 2
2 2 2 2 2 2 2
2 2 1 2 2 2 2
2 2 2 2 2 2 2
9 2
1 2
1 2
1 1
1 2
1 1
1 2
1 1
1 2
1 1
10 10
1 1 1 1 2 2 1 2 1 2
1 1 1 1 1 1 1 1 1 1
1 1 1 1 2 2 1 2 1 2
1 1 1 1 2 2 1 2 1 2
1 1 1 1 2 2 1 2 1 2
1 1 1 1 2 2 1 2 1 2
1 1 1 1 2 2 1 2 1 2
1 1 1 1 1 1 1 1 1 1
1 1 1 1 1 1 1 1 1 1
1 1 1 1 2 2 1 2 1 2
10 10
1 2 2 1 2 2 2 2 2 2
2 2 2 2 2 2 2 2 1 2
2 2 2 2 2 2 2 2 2 2
2 2 2 2 2 2 1 2 2 2
2 2 2 2 2 2 2 2 2 2
2 2 2 2 2 2 2 2 2 2
2 2 2 2 1 2 2 2 2 2
2 1 2 2 2 2 2 2 2 2
2 2 2 1 2 2 2 2 2 2
2 2 2 2 2 2 2 2 2 2
7 7
2 2 1 2 2 1 1
2 2 1 2 2 1 1
2 2 1 2 2 1 1
2 2 1 2 2 1 1
2 2 1 2 2 1 1
1 1 1 1 1 1 1
2 2 1 2 2 1 1
9 3
2 2 2
2 2 2
2 2 2
2 2 2
2 2 2
2 2 2
2 2 2
2 2 1
2 2 2
4 8
2 2 2 2 2 2 2 2
2 1 1 1 2 1 1 1
1 2 2 1 2 1 2 2
2 1 2 2 1 1 1 1
4 10
2 2 1 2 2 1 2 2 2 2
2 2 2 2 2 1 2 1 2 2
1 1 1 1 2 2 1 2 1 2
1 2 2 1 2 1 2 1 1 2
9 7
2 2 2 2 2 2 2
2 2 2 2 2 2 2
2 2 2 2 2 2 2
2 2 2 2 2 2 2
2 2 2 2 2 2 2
2 2 2 2 2 2 2
2 2 2 1 2 2 2
2 2 2 2 2 2 2
2 2 2 2 2 2 2
7 2
2 2
2 2
2 2
2 2
2 2
1 2
2 2
2 3
1 1 1
1 1 1
10 4
1 1 2 1
2 1 1 2
2 1 2 1
2 2 1 1
2 2 1 2
2 2 2 2
1 2 2 1
2 1 1 2
1 2 1 1
2 2 1 1
6 3
2 2 2
2 2 2
2 2 2
2 2 2
2 2 2
1 2 2
10 10
2 2 2 2 2 2 2 2 2 2
2 2 2 2 2 2 2 2 2 2
2 2 2 2 2 2 2 2 2 2
2 2 2 2 2 2 2 2 2 2
2 2 2 2 2 2 2 2 2 2
2 2 2 2 2 2 2 2 2 2
2 2 2 2 2 2 2 2 2 2
2 2 2 2 2 2 2 2 2 2
2 2 2 2 2 2 2 2 2 2
2 2 2 2 2 2 2 2 2 2
5 1
1
2
2
1
2
2 1
1
1
9 8
2 2 2 1 2 2 2 2
2 2 2 2 2 2 2 2
2 2 2 2 2 2 2 2
2 2 2 2 2 2 2 2
2 2 2 2 2 2 2 2
2 2 2 2 2 2 2 2
2 2 2 2 2 2 2 2
2 2 2 2 2 2 2 2
2 2 2 2 2 2 2 2
3 5
1 1 2 2 1
2 1 1 2 1
2 1 1 2 1
10 6
2 2 2 2 2 2
2 2 2 2 2 2
2 2 2 2 2 2
2 2 2 2 2 2
2 2 2 2 2 2
2 2 2 2 2 2
2 2 2 2 2 2
2 2 2 2 2 2
2 2 2 2 2 2
2 2 2 1 2 2
6 3
1 1 1
1 2 2
1 2 2
1 1 1
1 2 2
1 2 2
10 10
2 2 2 2 2 2 2 2 2 2
2 2 2 2 2 2 2 2 2 2
2 2 2 2 2 2 2 2 2 2
2 2 2 2 2 2 2 2 2 2
2 2 2 2 2 2 2 2 2 2
2 2 2 2 2 2 2 2 2 2
2 2 2 2 2 2 2 2 2 2
2 2 2 2 2 2 2 2 2 2
2 2 2 2 2 1 2 2 2 2
2 2 2 2 2 2 2 2 2 2
5 3
2 2 1
1 1 1
2 2 1
2 2 1
1 1 1
8 9
2 1 2 2 1 1 1 2 2
2 1 1 1 2 1 2 1 1
1 1 2 2 2 1 2 2 1
2 1 1 2 1 2 2 1 1
2 2 2 2 2 1 1 2 2
1 1 2 2 2 1 2 1 2
1 1 1 2 2 1 2 1 1
2 1 1 1 2 2 1 1 2
10 4
1 1 1 1
1 1 1 1
1 2 1 2
1 1 1 1
1 1 1 1
1 1 1 1
1 2 1 2
1 1 1 1
1 1 1 1
1 2 1 2
6 10
2 2 2 2 2 2 2 2 2 2
2 2 2 2 2 2 2 2 2 2
2 2 2 2 2 2 2 2 2 1
2 2 2 2 2 2 2 2 2 2
2 2 2 2 2 2 2 2 2 2
2 2 2 2 2 2 2 2 2 2
10 10
2 2 2 2 2 2 2 2 2 2
2 2 2 2 2 2 2 2 2 2
2 2 2 2 2 2 2 2 2 2
1 2 2 2 2 2 2 2 2 2
2 2 2 2 2 2 2 2 2 2
2 2 2 2 2 2 2 2 2 2
2 2 2 2 2 2 2 2 2 2
2 2 2 2 2 2 2 2 2 2
2 2 2 2 2 2 2 2 2 2
2 2 2 2 2 2 2 2 2 2
1 2
1 1
10 1
1
1
1
1
1
1
1
1
1
1
6 10
1 1 1 2 1 2 1 2 2 2
1 1 1 1 1 1 1 1 1 1
1 1 1 2 1 2 1 2 2 2
1 1 1 2 1 2 1 2 2 2
1 1 1 2 1 2 1 2 2 2
1 1 1 1 1 1 1 1 1 1
2 1
1
1
9 2
2 2
2 2
2 2
2 2
2 2
2 2
1 2
2 2
2 2
7 7
1 2 2 2 2 2 2
2 1 2 2 2 2 2
1 2 2 2 2 2 2
1 2 2 2 2 2 2
2 2 1 2 2 2 2
2 2 2 2 1 2 2
1 2 2 2 2 2 2
7 2
2 1
1 1
1 1
1 1
1 1
1 1
2 1
10 10
1 1 1 1 1 1 1 1 1 1
1 1 1 1 1 1 1 1 1 1
1 1 1 1 1 1 1 1 1 1
1 1 1 1 1 1 1 1 1 1
1 1 1 1 1 1 1 1 1 1
1 1 1 1 1 1 1 1 1 1
1 1 1 1 1 1 1 1 1 1
1 1 1 1 1 1 1 1 1 1
1 1 1 1 1 1 1 1 1 1
1 1 1 2 1 1 1 1 1 1
2 7
2 1 2 2 1 2 2
1 2 2 1 1 2 1
3 9
2 2 2 1 2 2 1 1 2
2 1 2 1 2 2 1 2 2
1 2 2 1 1 1 2 1 2
8 8
1 1 2 2 1 2 2 1
2 2 1 1 1 2 1 1
1 1 1 2 1 2 2 1
1 1 1 2 2 1 2 1
2 2 2 2 2 2 1 2
2 1 1 2 1 2 1 1
2 1 2 2 1 1 1 1
2 2 2 1 2 2 2 2
8 4
1 1 1 1
2 1 2 2
2 1 2 2
1 1 1 1
1 1 1 1
2 1 2 2
2 1 2 2
1 1 1 1
7 9
1 2 1 1 1 2 1 2 1
2 2 2 1 2 1 2 1 2
1 1 1 1 1 1 2 1 1
2 1 1 1 1 2 1 2 1
2 1 1 1 1 2 2 1 1
2 2 1 2 1 1 2 1 1
2 1 1 1 2 2 1 1 1
6 9
2 2 1 2 2 2 1 1 2
1 1 1 1 1 2 2 1 1
2 1 2 1 1 1 2 1 2
1 2 1 1 2 2 2 1 1
2 2 2 1 1 1 1 1 1
1 2 1 1 2 2 2 2 2
9 9
2 2 2 2 2 2 2 2 2
1 2 2 2 2 2 2 2 2
2 2 2 2 2 2 2 2 2
2 2 2 2 2 2 2 2 2
2 2 2 2 2 2 2 2 2
2 2 2 2 2 2 2 2 2
2 2 2 2 2 2 2 2 2
2 2 2 2 2 2 2 2 2
2 2 2 2 2 2 2 2 2
9 3
2 1 2
2 1 1
1 1 1
1 1 1
2 1 2
2 1 2
2 1 2
1 1 1
1 1 1
7 2
2 2
2 1
2 2
2 2
1 2
2 2
2 1
10 6
2 2 1 2 2 2
2 1 2 1 2 2
1 1 2 2 2 1
1 2 2 2 2 1
2 2 2 1 1 1
1 1 1 1 2 1
1 1 2 2 2 1
2 1 1 2 1 2
2 1 2 2 2 1
1 1 1 2 2 2
10 10
2 2 2 2 2 2 2 2 2 2
2 2 2 2 2 2 2 2 2 2
2 2 2 2 2 2 2 2 2 2
2 2 2 2 2 2 2 2 2 2
2 2 2 2 2 2 2 2 2 2
2 2 2 2 2 2 2 2 2 2
2 2 2 2 2 2 2 2 2 2
2 2 2 2 2 2 2 2 2 2
2 2 2 2 2 2 2 2 2 2
2 2 2 2 2 2 2 2 2 1
10 10
1 2 1 1 2 1 2 2 2 2
1 2 2 2 2 1 2 1 2 1
2 1 1 1 1 2 1 2 2 1
2 2 2 2 2 2 2 1 1 1
2 1 2 1 2 2 1 1 1 2
1 1 2 1 1 1 2 1 1 2
1 1 2 2 2 1 2 1 1 2
1 2 1 1 2 1 1 2 1 2
1 1 2 1 1 2 2 2 2 2
1 2 1 2 2 2 2 1 2 1
10 4
2 2 2 2
2 2 2 2
2 2 1 2
2 2 2 2
2 2 2 2
2 2 2 2
2 2 2 2
2 2 2 2
2 2 2 2
2 2 2 2
9 9
1 2 1 1 2 2 1 2 2
2 2 1 1 2 2 1 1 2
1 2 2 2 2 2 1 1 2
1 1 2 2 2 2 1 1 1
2 2 2 2 2 1 1 2 2
2 1 1 2 2 1 2 1 1
2 2 1 1 1 2 1 1 1
2 1 2 1 2 2 2 1 1
1 1 2 1 1 1 1 2 1
6 9
2 2 2 2 2 2 2 2 2
2 2 2 2 2 2 2 2 2
2 2 2 2 2 2 2 2 2
2 2 2 1 2 2 2 2 2
2 2 2 2 2 2 2 2 2
2 2 2 2 2 2 2 2 2
6 3
2 2 1
2 1 1
1 1 2
1 2 1
1 1 2
2 2 1
10 6
1 2 1 2 2 2
1 2 1 2 2 2
1 1 1 1 1 1
1 2 1 2 2 2
1 2 1 2 2 2
1 1 1 1 1 1
1 1 1 1 1 1
1 1 1 1 1 1
1 2 1 2 2 2
1 1 1 1 1 1
9 3
1 1 1
1 1 1
1 1 1
2 1 2
2 1 2
1 1 1
2 1 2
1 1 1
2 1 2
9 9
2 1 2 2 2 1 2 2 1
2 2 2 2 1 2 2 1 1
2 2 2 1 2 1 2 1 2
2 1 2 1 2 1 1 2 2
1 2 2 1 1 2 2 2 1
1 1 2 2 1 2 1 1 2
2 2 2 2 1 2 1 1 1
2 2 1 2 1 1 2 1 1
1 1 2 2 2 2 1 2 1
2 3
2 2 2
2 2 1
4 2
2 2
2 2
2 1
2 2
10 10
1 2 2 1 2 2 2 1 2 2
2 1 2 2 1 1 2 1 1 2
1 2 1 1 2 1 1 1 1 1
2 1 1 1 1 2 2 2 2 1
1 1 1 1 1 1 2 1 2 1
1 2 2 1 2 1 2 2 1 1
2 2 1 1 2 1 2 1 2 2
2 1 2 2 2 2 2 1 1 1
2 2 2 2 2 2 1 1 2 2
1 1 1 2 2 2 1 2 2 2
10 10
2 2 2 2 2 2 2 2 2 2
2 2 2 2 2 2 2 2 2 2
2 2 2 1 2 2 2 2 2 2
2 2 2 2 2 2 2 2 2 2
2 2 2 2 2 2 2 2 2 2
2 2 2 2 2 2 2 2 2 2
2 2 2 2 2 2 2 2 2 2
2 2 2 2 2 2 2 2 2 2
2 2 2 2 2 2 2 2 2 2
2 2 2 2 2 2 2 2 2 2
1 7
2 2 2 1 2 2 1
10 10
1 1 1 1 1 1 1 1 1 1
1 1 1 1 1 1 1 1 1 1
1 1 1 1 1 1 1 1 1 1
1 2 1 1 1 1 1 1 1 1
1 1 1 1 1 1 1 1 1 1
1 1 1 1 1 1 1 1 1 1
1 1 1 1 1 1 1 1 1 1
1 1 1 1 1 1 1 1 1 1
1 1 1 1 1 1 1 1 1 1
1 1 1 1 1 1 1 1 1 1
9 8
2 1 1 2 2 1 2 2
2 1 2 2 2 2 2 2
1 2 1 2 2 2 1 2
2 2 2 2 2 2 2 1
1 2 1 1 1 2 1 2
2 2 1 1 2 2 2 2
2 1 2 1 2 2 2 2
2 1 2 2 2 2 2 2
2 2 2 2 1 1 1 2
3 2
1 1
1 2
2 2
9 9
1 1 1 2 1 2 1 1 2
1 1 1 2 1 2 1 1 2
1 1 1 1 1 1 1 1 1
1 1 1 2 1 2 1 1 2
1 1 1 2 1 2 1 1 2
1 1 1 2 1 2 1 1 2
1 1 1 1 1 1 1 1 1
1 1 1 1 1 1 1 1 1
1 1 1 1 1 1 1 1 1
1 1
1
6 10
2 2 2 2 1 2 1 1 1 2
2 2 1 2 1 2 1 2 1 1
1 1 2 2 1 2 1 2 2 1
1 1 2 1 2 2 1 1 2 2
2 2 1 2 1 2 1 2 1 2
1 1 1 2 1 1 2 1 1 2
10 10
1 1 2 2 1 2 2 1 2 2
1 1 1 1 1 1 1 1 1 1
1 1 1 1 1 1 1 1 1 1
1 1 2 2 1 2 2 1 2 2
1 1 2 2 1 2 2 1 2 2
1 1 2 2 1 2 2 1 2 2
1 1 2 2 1 2 2 1 2 2
1 1 2 2 1 2 2 1 2 2
1 1 2 2 1 2 2 1 2 2
1 1 2 2 1 2 2 1 2 2
1 2
1 1
7 7
2 2 2 2 2 2 2
2 2 2 2 2 2 2
2 2 2 2 2 2 2
2 2 2 2 2 2 2
2 2 2 2 2 2 2
2 2 2 2 2 2 2
2 2 2 1 2 2 2
9 8
1 2 1 2 2 2 1 1
1 1 1 1 1 1 1 1
1 1 1 1 1 1 1 1
1 1 1 1 1 1 1 1
1 1 1 1 1 1 1 1
1 2 1 2 2 2 1 1
1 2 1 2 2 2 1 1
1 1 1 1 1 1 1 1
1 1 1 1 1 1 1 1
8 4
2 2 2 1
1 2 1 2
2 2 1 1
1 2 2 1
2 2 2 2
1 1 1 2
2 2 2 2
2 1 2 2
10 10
2 2 2 2 2 2 2 2 2 2
2 2 2 2 2 2 2 2 2 2
2 2 2 2 2 2 2 1 2 2
2 2 2 2 2 2 2 2 2 2
2 2 2 2 2 2 2 2 2 2
2 2 2 1 2 2 2 2 2 2
2 2 2 2 2 2 2 2 2 2
2 2 2 2 2 2 2 2 2 2
2 2 2 2 2 2 2 2 2 2
2 2 2 2 2 2 2 2 2 2
8 8
1 1 1 1 1 1 1 1
1 2 2 2 1 2 2 1
1 2 2 2 1 2 2 1
1 2 2 2 1 2 2 1
1 2 2 2 1 2 2 1
1 2 2 2 1 2 2 1
1 2 2 2 1 2 2 1
1 2 2 2 1 2 2 1
9 2
2 2
1 2
1 2
2 2
2 2
1 2
2 2
2 2
2 2
9 6
1 2 1 2 1 2
2 2 1 2 2 2
2 1 1 2 2 2
1 1 2 1 2 2
1 2 1 1 2 2
2 1 1 1 1 2
2 1 2 2 2 2
1 1 1 1 2 2
1 1 2 1 2 2
9 7
1 1 1 1 1 1 1
1 1 1 1 1 1 1
1 1 1 1 1 1 1
1 1 1 1 1 1 1
1 1 1 1 1 1 1
1 2 2 1 2 1 2
1 2 2 1 2 1 2
1 1 1 1 1 1 1
1 2 2 1 2 1 2
1 5
1 1 2 2 1
10 10
2 2 2 2 2 2 2 2 2 2
2 2 2 2 2 2 2 2 2 2
2 2 2 2 2 1 2 2 2 2
2 2 2 2 2 2 2 2 2 2
2 2 2 2 2 2 2 2 2 2
2 2 2 2 2 2 2 2 2 2
1 2 2 2 2 2 2 2 2 2
2 2 2 2 2 2 2 2 2 2
2 2 2 2 2 2 2 2 2 2
2 2 2 2 2 2 2 2 2 2
8 8
2 2 2 2 1 2 2 2
2 2 2 2 2 2 2 2
2 2 2 2 2 2 2 2
2 2 2 2 2 2 2 2
2 2 2 2 2 2 2 2
2 2 2 2 2 2 2 2
2 2 2 2 2 2 2 2
2 2 2 2 2 2 2 2
6 10
2 2 2 2 1 2 1 1 1 2
1 2 2 2 2 2 1 2 2 1
2 1 2 2 2 2 2 1 2 2
1 2 2 2 2 2 1 2 2 2
2 1 1 2 1 1 1 2 1 2
2 1 2 2 2 1 1 2 2 2
10 10
2 1 2 2 2 1 1 1 2 2
2 2 1 1 2 2 2 2 1 2
1 2 2 1 1 2 1 1 2 1
1 1 2 1 2 2 2 1 2 2
2 2 1 1 2 1 2 1 1 1
2 2 2 1 1 2 1 2 2 2
1 2 2 2 1 2 2 1 1 2
2 1 1 1 1 2 2 1 2 2
2 2 2 2 1 1 1 1 1 1
2 1 2 2 2 1 1 1 1 2
2 9
1 1 2 2 2 1 1 2 2
1 1 1 2 2 2 1 2 1
1 1
2
10 10
1 1 2 2 2 1 2 2 2 1
1 2 2 2 2 2 2 2 2 2
2 2 2 2 2 2 1 2 1 1
2 2 2 1 2 2 1 2 2 2
2 2 2 2 2 2 1 1 2 1
2 2 2 2 1 1 2 2 2 2
2 2 2 2 2 1 1 2 2 2
2 2 1 1 2 1 2 2 2 2
2 2 2 2 1 1 2 2 2 2
1 2 2 2 2 2 2 2 2 2
10 6
2 2 2 2 2 2
2 2 2 2 2 2
2 2 2 2 2 2
2 2 2 2 2 2
2 2 2 2 2 2
1 2 2 2 2 2
2 2 2 2 2 2
2 2 1 2 2 2
2 2 2 2 2 2
2 2 2 2 2 2
4 2
2 2
2 1
2 1
2 2
8 4
2 2 2 2
2 2 2 2
2 2 2 2
2 2 2 2
2 2 2 2
2 2 2 2
2 2 2 1
2 2 2 2
1 10
2 2 1 1 1 2 1 2 1 2
10 10
1 2 1 2 1 1 2 1 2 1
1 1 1 1 1 1 1 1 1 1
1 1 1 1 1 1 1 1 1 1
1 2 1 2 1 1 2 1 2 1
1 2 1 2 1 1 2 1 2 1
1 1 1 1 1 1 1 1 1 1
1 1 1 1 1 1 1 1 1 1
1 1 1 1 1 1 1 1 1 1
1 1 1 1 1 1 1 1 1 1
1 2 1 2 1 1 2 1 2 1
2 4
1 1 2 2
1 1 2 1
4 2
2 2
1 1
2 2
2 2
6 9
1 1 1 1 1 1 1 1 1
1 1 2 1 2 1 1 1 2
1 1 2 1 2 1 1 1 2
1 1 2 1 2 1 1 1 2
1 1 2 1 2 1 1 1 2
1 1 1 1 1 1 1 1 1
8 8
2 2 2 2 2 2 1 2
2 2 2 2 2 2 1 1
2 2 2 2 2 1 1 2
1 2 2 2 2 2 2 2
2 1 2 1 1 2 2 2
2 2 2 1 2 2 2 2
2 2 2 2 2 2 1 1
2 2 2 2 2 2 2 2
10 10
1 1 1 1 1 1 1 1 2 1
1 1 1 1 1 1 1 1 1 1
1 1 1 1 1 1 1 1 1 1
1 1 1 1 1 1 1 1 1 1
1 1 1 1 1 1 1 1 1 1
2 1 1 1 1 1 1 1 1 1
1 1 1 1 1 1 1 1 1 1
1 1 1 1 1 1 1 1 1 1
1 1 1 1 1 1 1 1 1 1
1 1 1 1 1 1 1 1 1 1
