100
10 472
314 301 70 177 402 158 171 104 295 368
7 678
106 642 642 446 345 106 446
6 626
566 517 579 522 372 592
6 187
88 92 150 95 99 37
6 312
135 177 162 3 150 309
4 143
139 58 21 104
5 357
69 69 69 291 69
2 413
57 26
5 637
487 603 305 423 78
5 404
253 257 150 188 195
10 700
1 1 1 1 1 1 1 1 1 1
10 353
274 313 168 49 223 50 173 81 322 244
8 663
474 18 349 535 535 429 535 474
10 660
570 451 655 569 278 260 95 194 70 294
10 681
274 408 130 637 403 262 305 182 480 167
5 422
214 214 214 405 24
2 655
63 241
10 132
14 87 107 19 101 72 20 64 5 18
1 563
27
5 531
1 493 493 528 528
10 224
122 161 76 146 79 199 112 119 214 150
10 134
4 10 101 21 126 3 32 45 62 89
10 618
606 424 142 599 590 271 327 610 386 500
10 352
278 157 312 303 89 208 105 341 233 74
7 524
144 144 144 144 474 400 86
7 159
39 114 153 141 55 122 32
8 543
464 168 301 233 310 79 242 375
10 420
395 52 287 188 295 48 108 403 245 53
10 482
266 305 361 185 462 469 166 216 122 73
9 552
358 188 535 337 256 68 140 512 236
10 484
222 202 355 171 285 368 255 482 391 448
10 15
4 10 1 9 10 2 13 8 8 13
8 261
226 35 188 44 125 73 217 136
8 592
541 241 455 261 456 406 266 517
10 320
259 213 225 8 23 234 66 23 171 99
6 647
37 100 216 100 216 37
10 447
319 334 234 373 47 48 173 213 312 89
6 479
196 244 265 369 396 439
8 408
328 242 351 151 246 401 377 283
10 358
158 218 158 328 305 150 94 121 300 43
10 489
336 372 373 410 357 329 476 452 395 488
10 362
45 327 271 241 122 13 36 350 92 318
10 577
448 402 391 293 262 54 17 15 236 263
10 292
228 35 99 249 269 141 79 173 128 248
5 245
138 168 116 107 100
9 86
37 6 61 26 24 49 55 52 32
1 680
554
9 368
173 316 362 208 329 131 335 151 198
10 20
3 3 4 16 10 12 9 11 10 14
9 151
148 80 106 1 131 67 121 130 76
10 457
437 187 436 212 213 447 202 398 311 444
9 377
348 288 338 287 367 351 312 308 295
8 553
91 136 257 70 296 462 483 417
10 1
1 1 1 1 1 1 1 1 1 1
7 365
38 198 125 128 354 120 16
10 540
76 226 42 74 99 176 200 479 277 418
10 241
231 209 161 217 184 200 155 94 121 233
10 253
236 140 41 82 98 23 241 123 216 206
10 330
260 226 258 259 253 293 249 232 296 285
8 111
79 25 73 33 39 87 61 51
9 372
351 197 334 129 133 184 159 148 241
10 539
173 355 251 427 219 266 108 283 158 113
7 469
455 389 337 417 300 243 405
6 290
221 222 18 273 70 69
8 640
609 150 417 510 266 100 422 377
10 229
83 134 135 127 103 113 154 158 204 35
10 302
76 29 53 219 187 161 240 300 46 128
7 306
110 130 243 233 270 129 154
10 291
262 281 89 224 184 139 34 286 52 82
10 447
257 439 391 364 250 272 371 236 214 328
10 308
160 271 204 53 173 154 255 155 111 59
6 451
98 131 135 374 430 400
9 453
240 207 157 309 201 90 316 392 307
10 435
42 125 284 342 406 288 200 329 330 41
10 498
352 70 44 131 123 87 117 71 385 411
4 687
570 459 384 510
6 698
270 551 270 59 551 464
6 177
160 14 167 163 17 10
6 395
29 366 51 344 226 169
9 469
403 425 306 344 374 395 401 406 230
3 237
208 122 80
1 684
432
10 10
1 8 3 3 9 8 8 3 8 4
1 451
238
10 293
240 92 127 33 27 27 293 190 9 280
3 345
231 220 236
8 389
245 253 281 217 245 253 92 281
10 585
508 526 26 21 49 192 120 318 343 555
4 182
54 72 28 121
10 555
334 416 246 146 264 504 261 511 102 399
9 523
177 439 357 382 236 505 382 205 294
10 237
231 142 70 46 194 191 6 95 43 167
8 369
228 35 334 21 81 141 288 348
4 651
273 637 366 456
5 609
282 455 282 455 455
10 549
304 295 487 404 522 410 421 238 285 545
5 536
434 182 275 333 405
10 141
37 133 38 45 23 51 29 78 31 86
8 81
68 11 53 30 65 5 70 23
10 588
526 428 143 12 567 365 136 57 572 499
